0 5126
1 3379
2 1574
3 774
4 6281
5 2394
6 2220
7 3736
8 5792
9 9218
10 7454
11 1744
12 2476
13 5652
14 6168
15 6679
16 5815
17 5531
18 1401
19 1105
20 4522
21 7281
22 2061
23 2746
24 2644
25 9192
26 4624
27 4203
28 2161
29 4756
30 4864
31 7706
32 1943
33 4947
34 4904
35 7140
36 3800
37 4051
38 6447
39 9928
40 3014
41 6583
42 6545
43 7863
44 6566
45 8835
46 66
47 5926
48 6196
48 6196
49 9722
50 1949
51 9856
52 3753
53 6799
54 2939
55 968
56 5707
57 7809
58 7859
59 7629
60 7937
61 4607
62 684
63 9497
64 8779
65 8504
66 9620
66 9620
67 5496
68 7541
69 6000
70 6756
71 4031
72 3441
73 1832
74 1070
75 1375
76 6214
77 6271
78 1757
79 5694
80 4127
81 978
82 478
83 7782
84 9675
85 9681
86 8979
87 6703
88 3847
89 1913
90 8202
91 8794
92 1390
93 6111
94 7870
95 1821
96 1551
97 8250
98 5632
99 9886
100 8497
101 2146
102 6156
103 6111
104 3218
105 1414
106 3790
107 3305
108 322
109 9850
110 9397
111 8916
112 6433
113 9529
114 4977
115 4047
116 8868
117 3798
118 8352
119 6883
120 1666
121 2700
122 7379
123 3401
124 9688
125 4188
126 1319
127 6903
128 4952
129 6562
130 2314
131 8210
132 3150
133 4669
134 2221
135 5886
136 701
137 8900
138 5961
139 8554
140 8868
141 9090
142 9361
143 8552
144 1909
145 7783
146 7391
147 7734
148 9366
149 5562
150 7651
151 6134
152 2902
153 1366
154 4050
155 2537
156 400
157 3722
158 9809
159 1962
160 9298
161 8528
162 2169
163 5496
164 2983
165 1835
166 319
167 1503
168 6326
169 2952
170 8672
171 6599
172 1295
173 9127
174 1732
175 8969
176 6150
177 1474
178 765
179 2580
180 4478
181 9507
182 1389
183 4082
184 7233
185 5027
186 9870
187 3607
188 931
189 3444
190 5914
191 2117
192 1964
193 2153
194 2292
195 8129
196 9437
197 2521
198 4990
199 7293
200 9863
201 7378
202 300
203 9622
204 7147
205 3460
206 6118
207 2177
208 4099
209 1277
210 3970
211 5421
212 6401
213 9392
214 9288
215 4224
216 5401
217 2853
218 2270
219 4613
220 9529
221 4826
222 66
223 329
224 8789
225 2675
226 6838
227 900
228 4844
229 1663
230 3020
231 2398
232 8659
233 3039
234 6136
235 7082
236 6457
237 4296
238 373
239 5473
240 7223
241 659
242 1363
243 4082
244 9659
245 252
246 4173
247 5929
248 1067
249 5414
250 5905
251 6387
252 3727
253 9911
254 4694
255 4196
256 6544
257 3020
258 2666
259 7821
260 572
261 159
262 4777
263 4856
264 5472
265 4848
266 5925
267 5567
268 8180
269 3019
270 9611
271 6496
272 9104
273 5880
274 6972
275 3455
276 6890
277 7552
278 1791
279 2255
280 6190
281 2565
282 7507
283 8857
284 1527
285 3041
286 1322
287 9633
288 3099
288 3099
289 7763
290 8536
291 9968
292 599
293 1774
294 3779
295 110
296 7709
297 2340
298 8387
299 6475
300 7782
301 8510
302 7781
303 377
304 6402
305 4004
306 3734
307 2117
308 7782
309 8881
310 5870
311 413
312 533
313 2690
314 3872
315 5562
316 2655
317 4601
318 5139
319 7466
320 2027
321 6097
322 108
323 9090
324 624
325 6466
326 2883
327 2906
328 7558
329 7204
330 9007
331 1836
332 8002
333 6338
334 2906
335 4807
336 3359
337 8598
338 6431
339 4851
340 3530
340 3530
341 9409
342 2575
343 7635
344 4223
345 2269
346 9782
347 5530
348 3677
349 127
350 7723
351 6397
352 8903
353 3901
354 1968
355 662
356 9387
357 8288
358 8071
359 1233
360 206
361 1163
362 1324
363 8598
364 5951
365 3220
366 1157
367 2739
368 5803
369 688
370 7136
371 7772
372 5228
373 6431
374 4008
375 2998
375 2998
375 2998
376 6925
377 303
378 2983
379 9712
380 810
381 7959
382 2455
383 502
384 2467
385 9978
386 9354
387 2460
388 4206
389 5902
390 9553
391 9286
392 3827
393 4147
394 6552
395 8374
396 893
397 8941
398 4363
399 9156
400 9601
401 8474
402 9390
403 5208
404 9690
405 1263
406 9024
407 3626
408 6214
409 3553
410 6301
411 7490
412 9723
413 1872
414 7590
415 8472
416 8659
417 9173
418 4042
419 725
420 760
421 7982
422 9277
423 8683
424 9648
425 9900
426 2079
427 7573
428 9127
429 1836
430 3203
431 8078
432 5766
433 450
434 6953
435 4947
436 8447
437 9011
438 3885
439 6554
440 5402
441 3789
442 5474
443 496
444 5871
445 9197
446 7833
447 9733
448 4455
449 9361
450 433
451 5066
452 6177
453 803
454 3121
455 4339
456 82
457 7862
458 538
459 6090
460 1277
461 3133
462 4996
463 319
464 7634
465 6886
466 2208
467 2924
467 2924
468 7243
469 9883
470 2164
471 3896
472 9567
473 7200
474 3595
475 3546
476 5353
477 2192
478 7066
479 7523
480 6394
481 1148
482 5355
483 9996
484 6611
485 1872
486 8926
487 1423
488 8303
489 2384
490 9264
491 4086
492 6228
493 1592
494 8640
495 9530
496 1199
497 6935
498 5936
499 6160
500 3699
501 6944
502 8075
503 9616
504 6790
505 2478
506 1467
507 2809
508 9367
509 248
510 8209
511 3794
512 9060
513 4195
514 1790
515 2942
516 3675
517 125
518 2978
519 7174
520 8517
521 2353
522 7696
523 9905
524 8242
525 872
526 5252
527 3255
528 8989
529 2253
530 2467
531 8125
532 3359
533 5785
534 5033
534 5033
535 297
536 2288
537 6849
538 7198
539 9883
540 5543
541 2055
542 7262
543 3639
544 6021
545 456
546 1386
547 7266
548 6520
549 6194
550 6475
551 7921
552 9561
553 4046
554 1975
555 1202
556 1771
557 9702
558 2007
559 7180
560 7897
561 8192
562 7114
563 2108
564 5280
565 1006
566 5329
567 684
568 4183
569 3292
570 5148
571 4911
572 4691
573 4702
574 1877
575 4341
576 896
577 9884
578 1751
579 4425
580 6182
581 2560
582 8881
583 4443
584 5286
585 4901
586 5540
587 9120
588 8129
589 5181
590 2499
591 9712
592 4784
593 4219
594 2878
595 9722
596 4980
597 4727
598 1886
599 5507
600 1791
601 1285
602 8514
603 9219
604 1634
605 242
606 3029
607 2737
608 9619
609 8981
610 7302
611 3519
612 8494
613 7550
614 6697
615 8610
616 5244
617 3733
618 4769
619 7012
620 2718
621 1361
622 3626
623 6695
624 1218
625 3141
626 9247
627 6834
628 5606
629 2108
630 6012
631 6939
632 9597
633 5710
634 1744
635 2537
636 3052
637 6687
638 6376
639 3669
640 3969
641 2401
642 1922
643 1525
644 6366
645 7147
646 3983
647 504
648 6513
649 5421
650 9499
651 6977
652 1407
653 4905
654 797
655 1414
656 6305
657 4838
658 4090
659 5263
660 4394
661 6760
662 355
663 2997
664 8067
665 1759
666 4831
667 6347
668 919
669 4481
670 9658
671 7755
672 2641
673 2831
673 2831
674 4607
675 1841
676 8575
677 2375
678 9053
679 6613
680 7842
681 5263
682 5915
682 5915
682 5915
682 5915
683 9254
684 7614
685 1281
685 1281
686 5653
687 4868
688 2023
688 2023
689 6516
690 4306
691 7131
692 6686
693 3426
694 7860
695 1342
696 4177
697 6455
698 6559
699 6687
700 6086
701 136
702 3079
703 2619
704 8899
705 4774
706 8213
707 2708
708 8863
709 4899
710 1618
711 4573
712 6121
713 9706
714 7090
715 7666
716 8300
717 8472
718 2695
719 9707
720 5396
721 3356
722 5921
723 9356
724 3838
725 1613
726 7586
727 8881
728 1224
729 9585
730 9463
731 1387
732 9560
733 9964
734 1604
735 2602
736 286
737 9874
738 573
739 7544
740 561
741 522
742 215
743 9416
744 5409
745 3029
746 3803
747 6063
748 6928
749 347
750 6417
751 2814
752 8744
753 5288
754 2137
755 9090
756 3352
757 5478
758 9925
759 4370
760 2285
761 6687
762 9906
763 4779
764 7343
765 6670
766 6173
767 5883
768 1205
769 1841
770 4385
771 4081
772 9753
773 7058
774 3
775 73
776 3025
777 1111
778 844
779 9507
780 3277
781 2258
781 2258
782 5359
783 513
784 8527
785 4217
786 2663
787 7280
788 5353
789 6102
790 6590
791 8335
792 5228
793 1233
794 6266
795 5399
796 4068
797 8512
798 5173
799 1601
800 9069
801 4270
802 5489
803 453
804 9202
805 9053
806 7904
807 4985
808 2268
809 7133
810 6535
811 522
812 9623
813 1652
814 3893
815 286
816 1745
817 9140
818 7964
819 1398
820 4477
821 4763
822 4350
823 3121
824 7401
825 8753
826 2921
827 2434
828 4014
829 1433
830 405
831 9131
832 8736
833 6732
834 6181
835 9879
836 3201
837 9092
838 1744
839 9211
840 1761
841 5112
842 8497
843 9412
844 778
845 7071
846 8389
847 9804
848 8700
849 3297
850 8186
851 8112
852 5474
853 8203
854 2769
855 4613
856 6059
857 3498
858 7795
859 7949
860 1547
861 3295
862 598
863 7199
864 9475
865 5427
866 1048
867 3584
868 4020
869 3071
870 3964
871 4527
872 4748
873 8764
874 3932
875 2761
876 4086
877 5218
878 7958
879 6339
880 675
881 9756
882 8020
883 3246
884 1446
885 1253
886 957
887 8850
888 2918
889 854
890 6062
891 401
892 267
893 4387
894 3214
895 1630
896 576
897 5966
898 5782
899 5693
900 4051
901 9227
902 2432
903 3349
904 6943
905 3724
906 2517
907 3649
908 6257
909 8489
910 8564
911 6226
912 2559
913 7967
914 5125
915 9056
916 3939
917 9517
918 3060
919 4240
920 3392
921 7786
922 3423
923 6260
924 9571
925 9795
926 4996
927 5739
928 6725
929 3827
930 3762
931 188
932 623
933 5004
934 7281
935 5702
936 5147
937 8408
938 8356
939 3732
940 2625
941 2670
942 2262
943 213
944 1133
945 7407
946 5906
947 8353
948 1958
949 581
950 4850
951 1804
952 1260
953 966
954 36
955 5049
956 5532
957 8030
958 7286
959 7257
959 7257
960 7302
961 128
962 1835
963 5454
964 6372
965 4430
966 953
967 8771
968 4038
969 4878
970 686
971 6599
972 2861
973 519
974 6325
975 5600
976 5346
977 1001
978 5460
979 1451
980 5828
981 5958
982 4342
983 8928
984 4519
985 8851
986 2939
987 3195
988 1349
989 4477
990 9113
991 5392
992 303
993 6256
994 9933
995 5544
996 806
997 3888
998 8362
999 2643
1000 5096
1001 7206
1002 1236
1003 8120
1004 3859
1005 6360
1006 565
1007 1630
1008 3925
1009 1734
1010 623
1011 6914
1012 7833
1013 6268
1014 8028
1015 4687
1016 6519
1017 2780
1018 1277
1019 3554
1020 6904
1021 2803
1022 9182
1023 4454
1024 8615
1025 1383
1026 5925
1027 4368
1028 104
1029 4165
1030 2800
1031 8298
1032 6160
1033 4753
1034 3391
1035 6348
1036 9952
1037 1633
1038 9673
1039 6068
1040 3412
1041 6255
1042 1240
1043 5401
1044 6166
1045 3628
1046 2993
1047 3716
1048 866
1049 1962
1050 6010
1051 2970
1052 6613
1053 6482
1054 9184
1055 8894
1056 8816
1057 8685
1058 5018
1059 5078
1060 4250
1061 1101
1062 6082
1063 3472
1064 9434
1065 63
1066 774
1067 248
1068 9366
1069 4425
1070 1606
1071 7180
1072 5731
1073 4655
1074 2939
1075 6305
1076 6260
1077 7494
1078 25
1079 8001
1080 214
1081 1333
1082 3660
1083 2529
1084 5536
1085 1324
1086 6586
1087 7173
1088 7424
1089 8356
1090 6171
1091 1494
1092 6466
1093 1410
1094 8584
1095 6413
1096 2966
1097 9672
1098 7419
1099 9712
1100 1774
1101 1061
1102 7915
1103 496
1104 1755
1105 19
1106 7661
1107 1995
1108 747
1109 2015
1110 4688
1111 3229
1112 7981
1113 9978
1114 5157
1115 9671
1116 5766
1117 3266
1118 318
1119 8496
1120 8773
1121 5248
1122 9403
1123 676
1124 5258
1125 4288
1126 9675
1127 3491
1128 2792
1129 2778
1130 7398
1131 663
1132 6402
1133 944
1134 9057
1135 2595
1136 7362
1137 8232
1138 9325
1139 7173
1140 1869
1141 4996
1142 7666
1143 9101
1144 9950
1145 4309
1146 3278
1147 9579
1148 1450
1149 6713
1150 4082
1151 313
1152 4444
1153 8708
1154 6394
1155 3439
1156 5711
1157 7755
1158 7254
1159 3865
1159 3865
1160 8301
1161 6978
1162 5788
1163 4847
1164 8834
1165 3802
1166 8294
1167 4779
1168 4125
1169 9499
1170 3875
1171 8582
1172 116
1173 7039
1174 4571
1175 6053
1176 6255
1177 9688
1178 5664
1179 423
1180 4897
1181 3010
1182 638
1183 7984
1184 157
1185 4496
1186 9224
1187 8927
1188 6446
1189 5311
1190 9854
1191 7350
1192 4608
1193 7230
1194 7105
1195 1605
1196 4829
1197 2036
1198 1656
1199 496
1200 4179
1201 5864
1202 555
1203 614
1204 6485
1205 768
1206 2663
1207 8447
1208 3670
1209 8899
1210 3641
1211 4906
1212 3418
1213 4598
1214 4302
1215 5060
1216 1854
1217 7579
1218 624
1219 3248
1220 3232
1221 3003
1222 3752
1223 1594
1224 728
1225 460
1226 6387
1227 1774
1228 3503
1229 7383
1230 3669
1231 6924
1232 2434
1233 793
1234 4115
1235 61
1236 5391
1237 93
1238 4333
1239 5035
1240 1042
1241 5629
1242 3905
1243 255
1244 5945
1245 7143
1246 8696
1247 9632
1248 8034
1249 3759
1249 3759
1250 1959
1251 4915
1252 3693
1253 5321
1254 9990
1255 4041
1256 6081
1257 7311
1258 2111
1259 7755
1260 952
1261 6357
1262 30
1263 50
1264 2576
1265 9661
1266 9168
1267 6465
1268 3849
1269 8268
1270 1573
1271 5493
1272 8509
1273 9224
1274 9526
1275 7891
1276 7268
1277 209
1278 3432
1279 6915
1280 3189
1282 1818
1283 8325
1284 5661
1285 8421
1286 3282
1287 2748
1288 2302
1289 7568
1290 3040
1291 3464
1292 9854
1293 7419
1294 6154
1295 7570
1296 8274
1297 1045
1298 3738
1299 4829
1300 8101
1301 9145
1302 5027
1303 51
1304 6966
1305 9781
1306 3134
1307 368
1308 9918
1309 2302
1310 2783
1311 2582
1312 6364
1313 9612
1314 8618
1315 6265
1316 1599
1317 7389
1318 3537
1319 5616
1320 9829
1321 1974
1322 286
1323 7995
1324 6128
1325 6535
1326 4027
1327 5818
1328 6755
1329 6755
1330 4294
1331 2421
1332 7848
1333 1081
1334 355
1335 5585
1336 5592
1337 4408
1338 2266
1339 413
1340 9698
1341 638
1342 623
1343 2478
1344 8262
1345 8370
1346 9149
1347 3830
1348 3263
1349 2883
1350 2762
1351 7392
1352 8056
1353 3963
1354 9957
1355 2931
1356 3301
1357 4774
1358 8691
1359 232
1360 6717
1361 3690
1362 2101
1363 6586
1364 9785
1365 5269
1366 3111
1367 3587
1368 6768
1369 6772
1370 8595
1371 3215
1372 8908
1373 1654
1374 2378
1375 6590
1376 1494
1377 5310
1378 5120
1379 1884
1380 9526
1381 3526
1382 2404
1383 9333
1384 2947
1385 5278
1386 7423
1387 731
1388 2526
1389 182
1390 4010
1391 3176
1392 9785
1393 5191
1394 7430
1395 4599
1396 7678
1397 4220
1398 8634
1399 4958
1400 9041
1401 18
1402 7731
1403 6881
1404 5690
1405 615
1406 921
1407 652
1408 6374
1409 552
1410 9338
1411 2942
1412 7799
1413 5380
1414 105
1415 7360
1416 7736
1417 7260
1418 3579
1419 515
1420 4246
1421 3367
1422 1099
1423 487
1424 1313
1425 5404
1426 6654
1427 8543
1428 2213
1429 28
1430 7591
1431 4512
1432 7018
1433 829
1434 6376
1435 991
1436 1886
1437 9208
1438 3105
1439 8328
1440 3308
1441 4030
1442 9831
1443 7142
1444 3636
1445 8100
1446 884
1447 1283
1448 8154
1449 6546
1450 5922
1451 979
1452 2068
1453 7360
1454 8776
1455 5894
1456 3660
1457 5534
1458 684
1459 8338
1460 4155
1461 2775
1462 8741
1462 8741
1463 5808
1464 2482
1465 8626
1466 5342
1467 6487
1468 2316
1469 8423
1470 1490
1471 3071
1472 6463
1473 1824
1474 5922
1475 5244
1476 6712
1477 4541
1478 3730
1479 7811
1480 5587
1481 3109
1482 4702
1483 1759
1484 8213
1485 4996
1486 5765
1487 2668
1488 2065
1489 2813
1490 8514
1491 6275
1492 423
1493 6194
1494 8085
1495 3333
1496 7195
1497 8951
1498 7910
1499 6925
1500 7864
1501 424
1502 1579
1503 167
1504 8799
1505 1752
1506 1805
1507 2195
1508 8171
1509 5433
1510 6395
1511 4184
1512 7541
1513 4969
1514 3142
1515 6280
1516 2199
1517 2639
1518 9243
1519 9269
1520 5636
1521 9046
1522 5676
1523 1618
1524 7457
1525 1227
1526 2226
1527 284
1528 6006
1529 2935
1530 8448
1531 3019
1532 4116
1533 8881
1534 377
1535 6583
1536 7218
1537 1586
1538 3252
1539 7715
1540 3090
1541 3020
1542 9549
1543 2546
1544 8210
1545 999
1546 9625
1547 4160
1548 441
1549 784
1550 4051
1551 437
1552 451
1553 967
1554 7896
1555 7866
1556 7060
1557 2106
1558 2065
1559 8437
1560 9516
1561 9729
1562 3341
1563 5955
1564 5644
1565 5716
1566 5194
1567 1854
1568 4485
1569 2279
1570 564
1571 9661
1572 9914
1573 8395
1574 7965
1575 3203
1576 1227
1577 1423
1578 4274
1579 8082
1580 9756
1581 2908
1582 919
1583 1678
1584 8627
1585 6687
1586 467
1587 9855
1588 2396
1589 8788
1590 8233
1591 3561
1592 493
1593 6691
1594 9526
1595 3301
1596 6574
1597 9834
1598 2279
1599 173
1600 2073
1601 4918
1602 6975
1603 9934
1604 734
1605 1195
1606 1070
1607 6761
1608 3069
1609 8210
1610 5797
1611 6578
1612 4005
1613 725
1614 6861
1615 5792
1616 9110
1617 8092
1618 1523
1619 3245
1620 8007
1621 6494
1622 4924
1623 7460
1624 9287
1625 838
1626 6928
1627 5415
1628 6697
1629 5045
1630 6938
1631 9059
1632 3195
1633 1037
1634 604
1635 3718
1636 2546
1637 6533
1638 4573
1639 4399
1640 7932
1641 3976
1642 7362
1643 9937
1644 2425
1645 2780
1646 1098
1647 7928
1648 4688
1649 2797
1650 4243
1651 6418
1652 2481
1653 2407
1654 1373
1655 6035
1656 9029
1657 2936
1658 5016
1659 7694
1660 3317
1661 4471
1662 8820
1663 2150
1664 2446
1665 4301
1666 1655
1667 7336
1668 7483
1669 3032
1670 5119
1671 5103
1672 8424
1673 9367
1674 5785
1675 105
1676 6887
1677 7557
1678 9591
1679 8738
1680 4065
1681 1166
1682 6301
1683 3195
1684 297
1685 2316
1686 8569
1687 8065
1688 6729
1689 5860
1690 5871
1691 6912
1692 2748
1693 5654
1694 6153
1695 1987
1696 9944
1697 2914
1698 7625
1699 9521
1700 317
1701 8620
1702 4180
1703 2274
1704 1775
1705 4342
1706 9952
1707 3216
1708 9078
1709 2554
1710 3075
1711 9091
1712 8193
1713 6953
1714 6447
1715 1887
1716 4885
1717 3341
1718 1843
1719 1166
1720 7630
1721 8698
1722 2220
1723 7866
1724 9928
1725 8178
1726 1035
1727 9729
1728 9913
1729 4914
1730 1517
1731 1100
1732 174
1733 8158
1734 1009
1735 7426
1736 5437
1737 4108
1738 6184
1739 7450
1740 1602
1741 8015
1742 5786
1743 1777
1744 11
1745 7227
1746 1390
1747 2416
1748 5310
1749 6360
1750 9072
1751 578
1752 1789
1753 3588
1754 1644
1755 4319
1756 8241
1757 78
1758 4343
1759 1483
1760 3487
1761 8002
1762 8070
1763 9115
1764 6798
1765 9761
1766 8757
1767 5765
1768 4807
1769 2851
1770 2559
1771 556
1772 2506
1773 2176
1774 1227
1775 1704
1776 4752
1777 1743
1778 7535
1779 8099
1780 5565
1781 4756
1782 1253
1783 8365
1784 3844
1785 1910
1786 3325
1787 8105
1788 1918
1789 1752
1790 514
1791 9913
1792 2921
1793 2303
1794 782
1795 9882
1796 7497
1797 4004
1798 6627
1799 7774
1800 7131
1801 3121
1802 4843
1803 4975
1804 4540
1805 1506
1806 4748
1807 5130
1808 4582
1809 9839
1810 2580
1811 8319
1812 5184
1813 3278
1814 6244
1815 4595
1816 2260
1817 6897
1818 1282
1819 7438
1820 7658
1821 6353
1822 1421
1823 437
1824 1473
1825 5373
1826 4004
1827 2072
1828 3670
1829 5996
1830 4440
1831 776
1832 73
1833 4744
1834 6035
1835 165
1836 429
1837 838
1838 8131
1839 1182
1840 8920
1841 675
1842 4280
1843 1718
1844 584
1845 9639
1846 5587
1847 9351
1848 5961
1849 4321
1850 1712
1851 4293
1852 6226
1853 9295
1854 854
1855 544
1856 4421
1857 6906
1858 9529
1859 9303
1860 5693
1861 9818
1862 6521
1863 2439
1864 4082
1865 2324
1866 9029
1867 9672
1868 3842
1869 1140
1870 7304
1871 5355
1872 9697
1873 6602
1874 9507
1875 9529
1876 4458
1877 6998
1878 8460
1879 5753
1880 5718
1881 9656
1882 294
1883 9433
1884 1379
1885 8786
1886 598
1887 8636
1888 3601
1889 2269
1890 6515
1891 3329
1892 5292
1893 2448
1894 8084
1895 9925
1896 2738
1897 6758
1898 7957
1899 4683
1900 8941
1901 5056
1902 2527
1903 5958
1904 9520
1905 4332
1906 8022
1907 9580
1908 8703
1909 144
1910 3578
1911 3721
1912 7396
1913 89
1914 3245
1915 4261
1916 3262
1917 2767
1918 4129
1919 600
1920 1269
1921 4972
1922 4127
1923 4411
1924 6334
1925 8317
1926 2661
1927 4243
1928 8153
1929 9371
1930 2770
1931 7385
1932 7262
1933 7886
1934 8289
1935 1236
1936 6308
1937 4006
1938 8259
1939 6238
1940 742
1941 9824
1942 7811
1943 1970
1944 8411
1945 3097
1946 3162
1947 4349
1948 8847
1949 6287
1950 8328
1951 2870
1952 9427
1953 2060
1954 9518
1955 7811
1956 5035
1957 7230
1958 2743
1959 4577
1960 8572
1961 4071
1962 1049
1963 5656
1964 8883
1965 1357
1966 5106
1967 9969
1968 7327
1969 6876
1970 1943
1971 2761
1972 844
1973 3279
1974 513
1975 7869
1976 4996
1977 5577
1978 706
1979 4200
1980 331
1981 3181
1982 9857
1983 1037
1984 8933
1985 6502
1986 2249
1987 1695
1988 9648
1989 2381
1990 6100
1991 1534
1992 5756
1993 5845
1994 5821
1995 4656
1996 7917
1997 6667
1998 7448
1999 4112
2000 3343
2001 6779
2002 5764
2003 2217
2004 7494
2005 9616
2006 9325
2007 5264
2008 328
2009 2471
2010 8563
2011 1479
2012 9777
2013 6642
2014 1605
2015 1109
2016 5076
2017 3239
2018 9191
2019 5653
2020 5212
2021 5040
2022 6179
2022 6179
2024 2834
2025 9896
2026 7011
2027 2667
2028 3428
2029 21
2030 857
2031 3839
2032 3620
2033 7994
2034 491
2035 8768
2036 7082
2037 8291
2038 882
2039 8724
2040 956
2041 1017
2042 6213
2043 4502
2044 592
2045 3306
2046 7040
2047 9304
2048 809
2049 8626
2050 829
2051 8302
2052 8416
2053 868
2054 8074
2055 4288
2056 3730
2057 4073
2058 8171
2059 4345
2059 4345
2060 1953
2061 6997
2062 4899
2063 9612
2064 3614
2065 5925
2066 8644
2067 9783
2068 6034
2069 3231
2070 1991
2071 1406
2072 5552
2073 1600
2074 2804
2075 7846
2076 1365
2077 8523
2078 9992
2079 8603
2080 9679
2081 5771
2082 159
2083 6231
2084 3147
2085 5823
2086 5428
2087 8412
2088 5816
2089 8920
2090 5000
2091 8437
2092 7696
2093 8659
2094 4294
2095 8146
2096 5458
2097 7823
2098 866
2099 2862
2100 6388
2101 1362
2102 9441
2103 9671
2104 2691
2105 4195
2106 1557
2107 1640
2108 5600
2109 8296
2110 6848
2111 5692
2112 3941
2113 2324
2114 8689
2115 6353
2116 8671
2117 191
2118 9454
2119 7281
2120 5810
2121 9165
2122 1617
2123 7301
2124 8238
2125 8984
2126 3196
2127 9344
2128 626
2129 4642
2130 2155
2131 7247
2132 2280
2133 8314
2134 3105
2135 3488
2136 8658
2137 754
2138 4089
2139 3990
2140 537
2141 9683
2142 4783
2143 5813
2144 648
2145 2022
2146 101
2147 7468
2148 6216
2149 4919
2150 1663
2151 3999
2152 4784
2153 5194
2154 4588
2155 2130
2156 1373
2157 9026
2158 4653
2159 3973
2160 8780
2161 2993
2162 1357
2163 2568
2164 623
2165 487
2166 7091
2167 1177
2168 6718
2169 162
2170 4013
2171 3280
2172 208
2173 2256
2174 3416
2175 2938
2176 1773
2177 207
2178 2989
2179 7340
2180 7423
2181 4125
2182 5454
2183 9901
2184 5763
2185 6733
2186 865
2187 7585
2188 8772
2189 9000
2190 3521
2191 551
2192 195
2193 6386
2194 8234
2195 1188
2196 6227
2197 8944
2198 2429
2199 3443
2199 3443
2200 3001
2201 3970
2202 5918
2203 7846
2204 4904
2205 6995
2206 8169
2207 8477
2208 4618
2209 4669
2210 7066
2211 9777
2212 8256
2213 5640
2214 288
2215 7328
2216 6689
2217 9432
2218 8635
2219 897
2220 9992
2221 134
2222 8993
2223 8843
2224 9758
2225 9748
2226 4387
2227 9346
2228 5587
2229 1600
2230 5815
2231 1154
2232 7100
2233 2696
2234 6977
2235 8936
2236 1898
2237 8942
2238 6325
2239 9661
2240 183
2241 5876
2242 6085
2243 8706
2244 9415
2245 9659
2246 6552
2247 4714
2248 6772
2249 9744
2250 522
2251 7663
2252 4779
2253 5656
2254 3361
2255 7360
2256 3900
2257 4066
2259 4073
2260 1816
2261 5828
2262 4971
2263 1775
2264 2870
2265 7210
2266 1338
2267 8796
2268 808
2269 9085
2270 218
2271 1819
2272 3122
2273 2341
2274 8827
2275 3594
2276 4961
2277 8557
2278 6947
2279 7914
2280 2132
2281 5306
2282 5742
2283 6475
2284 2509
2285 7740
2286 1321
2287 3804
2288 6213
2289 1164
2290 5249
2291 3142
2292 194
2293 7624
2294 2808
2295 8563
2296 3332
2297 7044
2298 7188
2299 7104
2300 9476
2301 3355
2302 1288
2303 6903
2304 4060
2305 9857
2306 8056
2307 2205
2308 2530
2309 9744
2310 8426
2311 4534
2312 1673
2313 694
2314 7603
2315 6124
2316 1468
2317 6828
2318 8939
2319 4486
2320 5407
2321 7328
2322 393
2323 3322
2324 6863
2325 7750
2326 8755
2327 3090
2328 6771
2329 3226
2330 6093
2330 6093
2331 7953
2332 1305
2333 9432
2334 9216
2335 3401
2336 5399
2337 7083
2338 855
2339 6522
2340 3749
2341 5017
2342 7091
2343 7060
2344 906
2345 111
2346 4884
2347 6472
2348 101
2349 608
2350 8227
2351 1058
2352 5975
2353 521
2354 9742
2355 8863
2356 3083
2357 3299
2358 4845
2359 2565
2360 9005
2361 9647
2362 3990
2363 6617
2364 1555
2365 9703
2366 1702
2367 6610
2368 4034
2369 7230
2370 3195
2371 5639
2372 3379
2373 5677
2374 7760
2375 9069
2376 833
2377 213
2378 4437
2379 3993
2380 4142
2381 11
2382 6248
2383 3717
2384 4805
2385 4920
2386 5798
2387 1381
2388 3027
2389 2599
2390 5634
2391 7440
2392 7910
2393 7936
2394 8540
2395 3249
2396 6671
2397 6820
2398 4242
2399 4519
2400 3795
2401 9027
2402 7833
2403 8637
2404 5540
2405 5696
2406 3069
2407 6782
2408 6322
2409 5062
2410 5494
2411 120
2412 9012
2413 8181
2414 6812
2415 448
2416 5502
2417 5601
2418 9208
2419 7031
2420 9707
2421 6267
2422 7288
2423 9680
2424 6645
2425 3749
2426 3976
2427 9150
2428 5816
2429 7805
2430 9122
2431 8366
2432 902
2433 7230
2434 1232
2435 6986
2436 5565
2437 9964
2438 3864
2439 4727
2440 9234
2441 429
2442 8557
2443 3718
2444 7477
2445 3522
2446 1664
2447 9565
2448 5989
2449 7935
2450 2131
2451 8182
2452 2718
2453 4038
2454 4558
2455 382
2456 4188
2457 4062
2458 4772
2459 8884
2460 8015
2461 1049
2462 4318
2463 8604
2464 9205
2465 1703
2466 33
2467 7490
2468 7806
2469 2009
2470 7541
2471 6154
2472 8026
2473 8502
2474 7412
2475 6520
2476 12
2477 8425
2478 505
2479 8216
2480 9978
2481 1652
2482 1464
2483 4018
2484 5812
2485 7195
2486 9678
2487 2152
2488 4733
2489 8382
2490 5330
2491 7201
2492 4988
2493 6462
2494 7137
2495 6722
2496 4982
2497 2609
2498 9181
2499 3157
2500 8333
2501 6610
2502 6382
2503 6578
2504 4847
2505 3284
2506 4285
2507 5186
2508 833
2509 1096
2510 2708
2511 6105
2512 2269
2513 2940
2514 2651
2515 6521
2516 7351
2517 5616
2518 7805
2519 4342
2520 2970
2521 4922
2522 1376
2523 1835
2524 9337
2525 393
2526 9090
2527 1902
2528 6934
2529 6343
2530 5437
2531 8157
2532 7119
2533 5563
2534 4217
2535 9968
2536 336
2537 635
2538 3591
2539 9854
2540 6171
2541 9573
2542 9802
2543 9056
2544 3402
2545 6588
2546 103
2547 4042
2548 1288
2549 7104
2550 6972
2551 227
2552 5312
2553 4589
2554 5798
2555 4941
2556 9119
2557 9218
2558 460
2559 912
2560 581
2561 5030
2562 167
2563 3
2564 492
2565 281
2566 4678
2567 7445
2568 2342
2569 415
2570 6369
2571 6714
2572 8235
2573 9805
2574 6522
2575 342
2576 3090
2577 9536
2578 1416
2579 5530
2580 1810
2581 2066
2582 4421
2583 6044
2584 1277
2585 7525
2586 1159
2587 5234
2588 4877
2589 6598
2590 5417
2591 4513
2592 7291
2593 2149
2594 7931
2595 8374
2596 3461
2597 4851
2598 815
2599 2389
2600 787
2601 575
2602 4075
2603 7132
2604 600
2605 7734
2606 1386
2607 3780
2608 639
2609 2497
2610 7088
2611 1057
2612 729
2613 1521
2614 1214
2615 4419
2616 1361
2617 221
2618 7417
2619 7690
2620 7581
2621 6718
2622 9944
2623 439
2624 9984
2625 7444
2626 7702
2627 6785
2628 9467
2629 2661
2630 5807
2631 7745
2632 5997
2633 45
2634 4676
2635 8606
2636 9753
2637 7040
2638 8460
2639 1266
2640 5286
2641 5354
2642 7741
2643 999
2644 5292
2645 4341
2646 2317
2647 5421
2648 4708
2649 4242
2650 5327
2651 2514
2652 8754
2653 5490
2654 2982
2655 2207
2656 1524
2657 7660
2658 24
2659 5012
2660 5592
2661 2629
2662 8354
2663 2175
2664 3258
2664 3258
2664 3258
2664 3258
2665 2032
2666 3894
2667 2027
2668 1487
2669 3910
2670 6134
2671 8495
2672 5710
2673 438
2674 8758
2675 225
2676 8260
2677 3185
2678 7554
2679 4962
2680 9913
2681 7401
2682 8859
2683 4144
2684 9017
2685 7552
2686 2004
2687 5513
2688 6111
2689 8338
2690 3745
2691 8167
2692 2571
2693 4655
2694 6143
2695 3554
2696 2233
2697 9166
2698 6371
2699 2767
2700 9455
2701 4281
2702 9529
2703 9207
2704 5991
2705 1998
2706 149
2707 2204
2708 707
2709 7056
2710 2421
2711 4055
2712 4385
2713 2909
2714 5056
2715 1274
2716 3461
2717 7228
2718 2452
2719 9032
2720 5455
2721 9391
2722 5936
2723 266
2724 4554
2725 9367
2726 3626
2727 7989
2728 5648
2729 9827
2730 9691
2731 5045
2732 4037
2733 7374
2734 4526
2735 6554
2736 3559
2737 8365
2738 1896
2739 7765
2740 9056
2741 9260
2742 2709
2743 6498
2744 7512
2745 310
2746 1853
2747 413
2748 1287
2749 9450
2750 6445
2751 9216
2752 4947
2753 5991
2754 4341
2755 3794
2756 5547
2757 6209
2758 3777
2759 8971
2760 8312
2761 9359
2762 4952
2763 6089
2764 1346
2765 3103
2766 5136
2767 1917
2768 8478
2769 854
2770 1930
2771 991
2772 6076
2773 2868
2774 4541
2775 1461
2776 2223
2777 6454
2778 1129
2779 2030
2780 7846
2781 5597
2782 1443
2783 1310
2784 3381
2785 8300
2786 9827
2787 4950
2788 1802
2789 3322
2790 3207
2791 9462
2792 3194
2793 9484
2794 9118
2795 9519
2796 4032
2797 1649
2798 2650
2799 7772
2800 6052
2801 5252
2802 2288
2803 1021
2804 3849
2805 4829
2806 2580
2807 675
2808 2294
2809 507
2810 9907
2811 6255
2812 6316
2813 1489
2814 751
2815 7422
2816 986
2817 5690
2818 2932
2819 5358
2820 8196
2821 45
2822 2991
2823 491
2824 9649
2825 3504
2826 8898
2827 8778
2828 5379
2829 2176
2830 3972
2832 5950
2833 5107
2834 9010
2835 6738
2836 9638
2837 719
2838 1888
2839 1725
2840 4557
2841 5101
2842 4432
2843 5744
2844 3381
2845 2471
2846 8504
2847 2069
2848 9509
2849 7883
2850 5177
2851 8826
2852 4244
2853 6972
2854 5725
2855 7150
2856 6343
2857 5282
2858 8296
2859 6073
2860 2362
2861 7716
2862 3643
2863 7945
2864 63
2865 5999
2866 5788
2867 4806
2868 2773
2869 5058
2870 1951
2871 7909
2872 2690
2873 9123
2874 3547
2875 5661
2876 9036
2877 8205
2878 5995
2879 7169
2880 2269
2881 1394
2882 1817
2883 1349
2884 3321
2885 6627
2886 7886
2887 5581
2888 4733
2889 4835
2890 232
2891 7290
2892 9361
2893 1383
2894 3349
2895 5958
2896 142
2897 4312
2898 8353
2899 6574
2900 3560
2901 7410
2902 3231
2903 809
2904 8899
2905 1351
2906 327
2907 7582
2908 4867
2909 9127
2910 4790
2911 8659
2912 3187
2913 5356
2914 3717
2915 3824
2916 1976
2917 7568
2918 888
2919 3457
2920 4788
2921 826
2922 5536
2923 1668
2925 2330
2926 6007
2927 1589
2928 5376
2929 3692
2930 5026
2931 1355
2932 2818
2933 1022
2934 9995
2935 4971
2936 8028
2937 3976
2938 2175
2939 54
2940 2513
2941 135
2942 1411
2943 3025
2944 5108
2945 3991
2946 5015
2947 1384
2948 9667
2949 5943
2950 9232
2951 5654
2952 5485
2953 1526
2954 3552
2955 6296
2956 2025
2957 2158
2958 376
2959 8169
2960 9574
2961 5648
2962 8512
2963 7042
2964 8976
2965 4809
2966 1044
2967 8252
2968 4954
2969 5766
2970 1051
2971 6107
2972 5164
2973 4933
2974 953
2975 4965
2976 7389
2977 5494
2978 518
2979 3253
2980 5500
2981 9487
2982 1350
2983 9296
2984 3242
2985 3718
2986 2081
2987 9532
2988 1814
2989 4743
2990 613
2991 2822
2992 124
2993 2161
2994 1010
2995 8093
2996 4527
2997 663
2999 4358
3000 5762
3001 4850
3002 2784
3003 4196
3004 632
3005 9342
3006 8578
3007 6659
3008 7630
3009 637
3010 8678
3011 9183
3012 4645
3013 5871
3014 8027
3015 1228
3016 8955
3017 275
3018 3490
3019 8022
3020 257
3021 2228
3022 6690
3023 3513
3024 9735
3025 6362
3026 958
3027 9963
3028 4902
3029 606
3030 3345
3031 9831
3032 7448
3033 7932
3034 7649
3035 1750
3036 176
3037 9202
3038 9743
3039 4371
3040 4542
3041 4246
3042 4385
3043 4380
3044 9535
3045 5119
3046 8441
3047 768
3048 6317
3049 3713
3049 3713
3050 5777
3051 3379
3052 7986
3053 7666
3054 9914
3055 3424
3056 9287
3057 9122
3058 5009
3059 2143
3060 152
3061 4987
3062 4655
3063 4590
3064 2342
3065 3148
3066 1835
3067 6614
3068 3714
3069 2406
3070 6048
3071 7182
3072 8933
3073 6425
3074 7725
3075 6395
3076 9395
3077 8574
3078 965
3079 4431
3080 4819
3081 9680
3082 3829
3083 2356
3084 6390
3085 7044
3086 7789
3087 1335
3088 3275
3089 5296
3090 1540
3091 9524
3092 7469
3093 4590
3094 8164
3095 2527
3096 723
3097 4346
3098 750
3100 6228
3101 2176
3102 6376
3103 8520
3104 8039
3105 6464
3106 1628
3107 1204
3108 8968
3109 1481
3110 3944
3110 3944
3111 9560
3112 7040
3113 3492
3114 1337
3115 8373
3116 2543
3117 9584
3118 2336
3119 8346
3120 1155
3121 1791
3122 2272
3123 897
3124 8158
3125 4077
3126 9521
3127 2663
3128 8028
3129 4512
3130 513
3131 2031
3132 4851
3133 9879
3134 7207
3135 7667
3136 6198
3137 3643
3138 4551
3139 7702
3140 9120
3141 625
3142 1067
3143 5810
3144 3651
3145 3531
3146 3714
3147 9465
3148 3065
3149 7158
3150 8961
3151 6974
3152 6847
3153 5079
3154 8028
3155 9691
3156 5653
3157 2499
3158 4409
3159 9825
3160 4143
3161 4453
3162 1946
3163 5948
3164 626
3165 2289
3166 4069
3167 9880
3168 1397
3169 214
3170 2625
3171 9210
3172 5108
3173 824
3174 8867
3175 3243
3176 7056
3177 8311
3178 3561
3179 397
3180 1435
3181 1245
3182 3496
3183 2918
3184 9380
3185 1073
3186 747
3187 2912
3188 9700
3189 1280
3190 4494
3191 1248
3192 7439
3193 5061
3194 2792
3195 6993
3196 5896
3197 3060
3198 5567
3199 8092
3200 2445
3201 279
3202 9513
3203 430
3204 8552
3205 9780
3206 9044
3207 2790
3208 7813
3209 523
3210 3286
3211 3272
3212 3079
3213 6977
3214 4355
3215 5864
3216 1707
3217 5329
3218 104
3219 3143
3220 3480
3221 6716
3222 3316
3223 4671
3224 7857
3225 5081
3226 2329
3227 1828
3228 7634
3229 9440
3230 6722
3231 8792
3232 6257
3233 1018
3234 3689
3235 6990
3236 6901
3237 9125
3238 9164
3239 2156
3240 4084
3241 1683
3242 2984
3243 4288
3244 3476
3245 1619
3246 4857
3247 3953
3248 1219
3249 2395
3250 7327
3251 1834
3252 6851
3253 2979
3254 5322
3255 3405
3256 9240
3257 9144
3259 8046
3260 4150
3261 9587
3262 1916
3263 1348
3264 1604
3265 1693
3266 1117
3267 7617
3268 8911
3269 3133
3270 1253
3271 8472
3272 5662
3273 5734
3274 8250
3275 6374
3276 3316
3277 780
3278 1146
3279 9605
3280 8292
3281 9353
3282 1286
3283 8863
3284 8670
3285 3290
3286 9501
3287 7026
3288 3572
3289 7186
3290 6698
3291 105
3292 569
3293 4227
3294 9845
3295 8237
3296 3408
3297 849
3298 8888
3299 2357
3300 3022
3301 5704
3302 1760
3303 3849
3304 3880
3305 2709
3306 2045
3307 1599
3308 1440
3309 7667
3310 206
3311 9483
3312 8242
3313 8368
3314 8487
3315 8577
3316 3222
3317 4774
3318 6763
3319 8772
3320 9727
3321 2884
3322 2789
3323 6778
3324 5864
3325 1786
3326 4187
3327 3938
3328 6081
3329 7469
3330 2246
3331 994
3332 2296
3333 7966
3334 3429
3335 5098
3336 7614
3337 4087
3338 8922
3339 8686
3340 5140
3341 1562
3342 6434
3343 2000
3344 5279
3345 7075
3346 8349
3347 1872
3348 6554
3349 2894
3350 8809
3351 8076
3352 1117
3353 9524
3354 8750
3355 2301
3356 5788
3357 6667
3358 6977
3359 336
3360 2174
3361 7129
3362 8495
3363 37
3364 2833
3365 1035
3366 382
3367 1421
3368 3333
3369 8207
3370 281
3371 7756
3372 6100
3373 5238
3374 8617
3375 6790
3376 4060
3377 5170
3378 3203
3379 1
3380 7525
3381 3901
3382 6276
3383 1697
3384 2918
3385 1137
3386 2597
3387 3816
3388 5421
3389 2179
3390 8137
3391 1034
3392 7493
3393 9650
3394 9235
3395 7088
3396 5900
3397 4646
3398 2926
3399 7151
3400 4146
3401 7741
3402 6716
3403 5169
3404 1546
3405 7281
3406 5436
3407 6888
3408 6402
3409 2128
3410 9090
3411 9632
3412 1040
3413 6578
3414 7845
3415 2348
3416 2174
3417 7967
3418 7899
3419 5756
3420 3600
3421 6140
3422 3070
3423 3691
3424 2176
3425 1572
3426 9655
3427 9038
3428 2028
3429 3334
3430 8957
3431 3588
3432 9139
3433 4694
3434 3475
3435 4450
3436 4242
3437 7507
3438 6822
3439 6707
3440 6293
3441 4853
3442 1568
3444 189
3445 5436
3446 6431
3447 2938
3448 2096
3449 9390
3450 3794
3451 963
3452 8839
3453 8293
3454 3786
3455 275
3456 8163
3457 2919
3458 4389
3459 515
3460 205
3461 9932
3462 4360
3463 2648
3464 4207
3465 5421
3466 8665
3467 5982
3468 2711
3469 3728
3470 8192
3471 855
3472 1063
3473 5621
3474 4897
3475 6499
3476 3845
3477 7964
3478 9927
3479 9174
3480 3220
3481 9216
3482 728
3483 6144
3484 3917
3485 8313
3486 9113
3487 6307
3488 2176
3489 3821
3490 3018
3491 4196
3492 6696
3493 186
3494 6670
3495 1398
3496 2425
3497 2476
3498 4954
3499 7994
3500 8146
3501 3090
3502 8430
3503 1228
3504 5366
3505 592
3506 8160
3507 7671
3508 930
3509 8826
3510 8665
3511 7443
3512 9023
3513 7595
3514 787
3515 5508
3516 7498
3517 371
3518 4537
3519 8090
3520 2661
3521 6760
3522 2445
3523 5966
3524 7899
3525 5374
3526 1381
3527 696
3529 8338
3531 3145
3532 2285
3533 64
3534 946
3535 2971
3536 7335
3537 2405
3538 333
3539 8461
3540 4038
3541 6680
3542 930
3543 8912
3544 2594
3545 3966
3546 9767
3547 2874
3548 2412
3549 6484
3550 6199
3551 4533
3552 2954
3553 409
3554 2695
3555 5543
3556 4238
3557 9216
3558 8416
3559 7958
3560 1227
3561 9119
3562 900
3563 7641
3564 639
3565 5457
3566 1676
3567 5716
3568 7103
3569 5853
3570 2356
3571 5651
3572 4338
3573 3018
3574 2317
3575 5014
3576 4762
3577 2876
3578 1910
3579 1418
3580 6982
3581 6350
3582 4099
3583 3813
3584 867
3585 6607
3586 6586
3587 9635
3588 8416
3589 9911
3590 7634
3591 3299
3592 7088
3593 3539
3594 2275
3595 474
3596 2153
3597 1974
3598 4301
3599 3877
3600 5428
3601 4688
3602 7757
3603 7667
3604 6812
3605 7891
3606 4639
3607 3939
3608 8497
3609 3001
3610 8342
3611 2047
3612 8100
3613 9983
3614 7748
3615 7706
3616 5571
3617 9753
3618 5299
3619 6081
3620 2032
3621 4350
3622 6032
3623 9015
3624 7820
3625 8693
3626 622
3627 5570
3628 3834
3629 4177
3630 4041
3631 684
3632 690
3633 5741
3634 8597
3635 7290
3636 1444
3637 8638
3638 6346
3639 543
3640 131
3641 8298
3642 5195
3643 1247
3644 8076
3645 7914
3646 4070
3647 1397
3648 3956
3649 907
3650 9579
3651 5116
3652 9582
3653 9608
3654 4965
3655 4091
3656 8915
3656 8915
3657 2504
3658 9111
3659 7393
3660 8085
3661 7103
3662 6458
3663 3968
3664 8820
3665 5548
3666 4294
3667 8473
3668 5530
3669 639
3670 1828
3671 9884
3672 714
3673 428
3674 3333
3675 4980
3676 4274
3677 4441
3678 6397
3679 9404
3680 6461
3681 3910
3682 9321
3683 4702
3684 8976
3685 7234
3686 4094
3687 9502
3688 2027
3689 5909
3690 1361
3691 5688
3692 4324
3692 4324
3693 1252
3694 5175
3695 2225
3696 8164
3697 7525
3698 2974
3699 8657
3700 5406
3701 3147
3702 3377
3703 8291
3704 4696
3705 8901
3706 6944
3707 8922
3708 4290
3709 296
3710 5669
3711 310
3712 1800
3714 7383
3715 4009
3716 1047
3717 2914
3718 2443
3719 627
3720 7733
3721 9915
3722 157
3723 951
3724 8780
3725 9315
3726 2476
3727 252
3728 3871
3729 7124
3730 2056
3731 8681
3732 9446
3733 2605
3734 306
3735 310
3736 4042
3737 6040
3738 1298
3739 5685
3740 2302
3741 8335
3742 2384
3743 8664
3744 5515
3745 2690
3746 1474
3747 8595
3748 214
3749 2340
3750 595
3751 5929
3752 7119
3753 52
3754 5709
3755 8294
3756 4040
3757 3168
3758 7414
3760 7309
3761 8867
3762 4814
3763 285
3764 7275
3765 3194
3766 7196
3767 5312
3768 4264
3769 5911
3770 5379
3771 6596
3772 1593
3773 9188
3774 6930
3775 4172
3776 6658
3777 4481
3778 7079
3779 294
3780 2607
3781 5619
3782 5297
3783 2981
3784 8498
3785 4524
3786 3079
3787 7842
3788 6581
3789 6588
3790 449
3791 5684
3792 7220
3793 134
3794 511
3795 8530
3796 9729
3797 1205
3798 4712
3799 7455
3800 36
3801 6525
3802 1165
3803 6177
3804 4947
3805 7619
3806 6116
3807 9577
3808 4281
3809 8723
3810 9135
3811 3654
3812 4099
3813 3100
3814 7056
3815 3267
3816 7745
3817 5296
3818 7688
3819 7269
3820 131
3821 5437
3822 5359
3823 6056
3824 3553
3825 3047
3826 8229
3827 9448
3828 7477
3829 3082
3830 2263
3831 6306
3832 7081
3833 7840
3834 3628
3835 8564
3836 8022
3837 9178
3838 5536
3839 2031
3840 5212
3841 4232
3842 9513
3843 8779
3844 6452
3845 9650
3846 5753
3847 88
3848 7384
3849 1268
3850 8988
3851 6293
3852 6947
3853 6374
3854 2492
3855 5855
3856 7763
3857 1195
3858 2938
3859 9067
3860 2984
3861 6497
3862 2609
3863 2644
3864 8468
3866 8833
3867 7007
3868 4633
3869 1606
3870 6902
3871 7199
3872 6081
3873 6758
3874 9535
3875 9549
3876 3943
3877 6051
3878 8335
3879 3062
3880 3304
3881 5992
3882 6544
3883 5768
3884 8195
3885 9159
3886 7395
3887 1117
3888 997
3889 3135
3890 9970
3891 8663
3892 2413
3893 733
3894 2666
3895 8631
3896 471
3897 2690
3898 8263
3899 7686
3900 2256
3901 3381
3902 6846
3903 269
3904 8046
3905 7201
3906 6993
3907 1190
3908 7916
3909 3601
3910 8509
3911 7472
3912 9505
3913 7433
3914 4631
3915 6001
3916 2669
3917 8736
3918 7478
3919 6551
3920 8078
3921 9856
3922 3437
3923 7177
3924 3608
3925 5542
3926 9139
3927 4966
3928 9834
3929 5266
3930 6658
3931 4589
3932 5735
3933 4749
3934 1109
3935 3333
3936 8883
3937 5301
3938 3975
3939 3607
3940 2857
3941 2112
3942 3121
3943 3876
3945 8889
3946 3248
3947 3462
3948 4465
3949 2471
3950 8273
3951 8156
3952 7940
3953 3247
3954 5078
3955 2371
3956 3648
3957 4362
3958 2489
3959 7734
3960 9120
3961 341
3962 3744
3963 1353
3964 6599
3965 6813
3966 3545
3967 7811
3968 4600
3969 755
3970 8389
3971 8028
3972 7762
3973 2159
3974 6565
3975 3938
3976 9175
3977 5108
3978 2104
3979 8028
3980 6477
3981 3436
3982 626
3983 3134
3984 9691
3985 9683
3986 4099
3987 3817
3988 5731
3989 4929
3990 2362
3991 9129
3992 7738
3993 7084
3994 9075
3995 3789
3996 7611
3997 7544
3998 8496
3999 2151
4000 6838
4001 2666
4002 7243
4003 6958
4004 9404
4005 5777
4006 1937
4007 4515
4008 8349
4009 8232
4010 1390
4011 6902
4012 2059
4013 2170
4014 828
4015 7429
4016 5871
4017 2608
4018 2483
4019 3240
4020 868
4021 3455
4022 3319
4023 6255
4024 6548
4025 7960
4026 8898
4027 5527
4028 3774
4029 9178
4030 1441
4031 4921
4032 3050
4033 487
4034 5596
4035 6710
4036 5729
4037 8523
4038 3540
4039 6982
4040 3756
4041 3630
4042 3736
4043 8456
4044 2592
4045 3526
4046 553
4047 5455
4048 6020
4049 7189
4050 154
4051 5698
4052 4598
4053 2955
4054 2970
4055 5667
4056 6744
4057 5055
4058 7362
4059 8463
4060 3376
4061 5888
4062 9438
4063 525
4064 4857
4065 982
4066 2257
4067 7455
4068 4580
4069 8051
4070 3646
4071 1961
4072 9656
4073 2259
4074 2752
4075 2602
4076 5226
4077 3125
4078 7667
4079 4852
4080 3299
4081 771
4082 6947
4083 9221
4084 9413
4085 2762
4086 491
4087 5545
4088 8370
4089 2138
4090 3561
4091 866
4092 7370
4093 5930
4094 6111
4095 4029
4096 2228
4097 2274
4098 5307
4099 6828
4100 5006
4101 9638
4102 8597
4103 4596
4104 8253
4105 8791
4106 5890
4107 9854
4108 1737
4109 7865
4110 5026
4111 1885
4112 6120
4112 6120
4112 6120
4113 987
4114 9472
4115 1234
4116 916
4117 9957
4118 8751
4119 8294
4120 8735
4121 7989
4122 4082
4123 1523
4124 500
4125 3335
4126 6832
4127 80
4128 4639
4129 2164
4130 5723
4131 113
4132 4580
4133 3229
4134 8526
4135 4370
4136 917
4137 5847
4138 6522
4139 9782
4140 6667
4141 4332
4142 7964
4143 3160
4144 2683
4145 2067
4146 6980
4147 7666
4148 9057
4149 4262
4150 8781
4151 9245
4152 6670
4153 7541
4154 8755
4155 7641
4156 6422
4157 5044
4158 4967
4159 6090
4160 1547
4161 6541
4162 5497
4163 9527
4164 8330
4165 6442
4166 6061
4167 3874
4168 1568
4169 3087
4170 6005
4171 648
4172 4888
4173 5868
4174 3903
4175 3750
4176 5890
4177 696
4178 1483
4179 1200
4180 9975
4181 4782
4182 8905
4183 568
4184 1511
4185 3602
4186 9717
4187 3326
4188 125
4189 5256
4190 7984
4191 8100
4192 9061
4193 4781
4194 1304
4195 513
4196 3003
4197 6830
4198 2711
4199 5678
4200 1979
4201 1174
4202 4763
4203 2175
4204 8820
4205 1446
4206 388
4207 3464
4208 6244
4209 9151
4209 9151
4210 6435
4211 9090
4212 9113
4213 7287
4214 7262
4215 2364
4216 2683
4217 785
4218 8719
4219 6340
4220 1397
4221 1365
4222 2196
4223 344
4224 215
4225 6280
4226 5868
4227 9008
4228 8834
4229 3333
4230 9127
4231 9506
4232 3841
4233 1625
4234 5436
4235 2910
4236 1836
4237 9367
4238 8861
4239 9240
4240 919
4241 3601
4242 2398
4243 1650
4244 2852
4245 5418
4246 6532
4247 6150
4248 1053
4249 1397
4250 9125
4251 6908
4252 7310
4253 6861
4254 8887
4255 5846
4256 8774
4257 4063
4258 6082
4259 7819
4260 2425
4261 1915
4262 4149
4263 4673
4264 4670
4265 7156
4266 4397
4267 9175
4268 4568
4269 9172
4270 6130
4271 4386
4272 8665
4273 6346
4274 6698
4275 424
4276 7943
4277 7125
4278 4554
4279 7727
4280 296
4281 401
4282 787
4283 2778
4284 8009
4285 2506
4286 5544
4287 6514
4288 3243
4289 5863
4290 438
4291 3589
4292 5391
4293 2774
4294 3666
4295 7275
4296 8755
4297 7813
4298 1386
4299 9166
4300 1062
4301 6475
4302 1214
4303 7281
4304 8941
4305 3948
4306 8146
4307 679
4308 5095
4309 1145
4310 1854
4311 391
4312 4702
4313 4519
4314 3604
4315 3448
4316 4947
4317 5285
4318 6154
4319 1755
4320 2253
4321 1849
4322 9756
4323 7784
4325 714
4326 2939
4327 3424
4328 2659
4329 1626
4330 7686
4331 3358
4332 4141
4333 1238
4334 3329
4335 7965
4336 9776
4337 1154
4338 9938
4339 6173
4340 2928
4341 8300
4342 2519
4343 1758
4344 7830
4346 8120
4347 6369
4348 8407
4349 1947
4350 9690
4351 2318
4352 2398
4353 3405
4354 8177
4354 8177
4355 8441
4356 7989
4357 5675
4358 2999
4359 3524
4360 3462
4361 9026
4362 598
4363 897
4364 1095
4365 8252
4366 8090
4367 8702
4368 408
4369 317
4370 4135
4371 3039
4372 727
4373 4258
4374 9501
4375 9756
4376 5521
4377 473
4378 6932
4379 5856
4380 3043
4381 771
4382 9361
4383 5389
4384 8391
4385 8242
4386 4271
4387 893
4388 6060
4389 3458
4390 9753
4391 4478
4392 4557
4393 5739
4394 660
4395 3939
4396 8148
4397 4593
4398 1127
4399 9950
4400 6127
4401 7878
4402 4196
4403 4385
4404 9960
4405 7946
4406 7917
4407 9129
4408 1337
4409 3158
4410 1398
4411 5754
4412 5322
4413 8067
4414 2287
4415 7006
4416 2485
4417 9895
4418 3733
4419 2615
4420 8319
4421 2582
4422 8299
4423 7258
4424 5917
4425 7169
4426 1129
4427 9456
4428 9328
4429 243
4430 965
4431 3079
4432 2842
4433 7890
4433 7890
4434 9425
4435 8208
4436 6776
4437 2378
4438 287
4439 2708
4440 1830
4441 3670
4442 8089
4443 3726
4444 887
4445 8843
4446 8659
4447 6143
4448 4594
4449 4649
4450 3435
4451 7068
4452 5190
4453 6869
4454 1023
4455 448
4456 3872
4457 8906
4458 1876
4459 5969
4460 3686
4461 1053
4462 5591
4463 928
4464 4554
4465 2619
4466 4890
4467 8256
4468 8652
4469 2031
4470 5563
4471 1661
4472 7931
4473 6150
4474 4542
4475 8426
4476 1304
4477 989
4478 7817
4479 4674
4480 1347
4481 8077
4482 5539
4483 9051
4484 3147
4485 4607
4486 2319
4487 2687
4488 7158
4489 5399
4490 435
4491 7417
4492 4242
4493 8656
4494 3190
4495 3675
4496 1185
4497 4242
4498 3317
4499 346
4500 9204
4501 9001
4502 8402
4503 1269
4504 6622
4505 7265
4506 5809
4507 3607
4508 8467
4509 5299
4510 2869
4511 6939
4512 1431
4513 2591
4514 1376
4515 8031
4516 5103
4517 9901
4518 1919
4519 984
4520 2228
4521 4934
4522 20
4523 4778
4524 3785
4525 8211
4526 7765
4527 871
4528 9234
4529 5802
4530 8439
4531 9486
4532 4205
4533 3551
4534 7643
4535 778
4536 2919
4537 2117
4538 7734
4539 6019
4540 1804
4541 2774
4542 1916
4543 4209
4544 5882
4545 6689
4546 9416
4547 8384
4548 6885
4548 6885
4549 5337
4550 3948
4551 3138
4552 8627
4553 8117
4554 2724
4555 3524
4556 9269
4557 4392
4558 1289
4559 7805
4560 2513
4561 5035
4562 4524
4563 3226
4564 6446
4565 584
4566 5672
4567 2861
4568 4268
4569 8512
4570 4921
4571 5661
4572 7602
4573 711
4574 2790
4575 6923
4576 7637
4577 1959
4578 4911
4579 8489
4580 4132
4581 7145
4582 9495
4583 6075
4584 4832
4585 7490
4586 1441
4587 6615
4588 5551
4589 4769
4590 7293
4591 8902
4592 6061
4593 6693
4594 7630
4595 4620
4596 4961
4597 2894
4598 7522
4599 8758
4600 3968
4601 317
4602 5128
4603 9879
4604 384
4605 706
4606 9145
4607 4485
4608 6261
4609 5295
4610 893
4611 5117
4612 5847
4613 9756
4614 7512
4615 1027
4616 5587
4617 1316
4618 2208
4619 9149
4620 4595
4621 143
4622 7363
4623 7607
4624 26
4625 8693
4626 3652
4627 1411
4628 5825
4629 7857
4630 5997
4631 6988
4632 5263
4633 2661
4634 9790
4635 7204
4636 4857
4637 6883
4638 1234
4639 468
4640 3486
4641 6183
4642 2367
4643 3032
4644 5012
4645 3012
4646 8534
4647 381
4648 959
4649 3475
4650 3194
4651 1970
4652 7894
4653 7280
4654 8923
4655 3062
4656 1995
4657 7490
4658 8575
4659 7651
4660 4543
4661 491
4662 799
4663 8215
4664 6802
4665 4207
4666 2529
4667 4996
4668 5079
4669 2989
4670 4264
4671 3223
4672 8528
4673 4263
4674 4479
4675 9934
4676 2634
4677 9366
4678 2566
4679 231
4680 6105
4681 6280
4682 4744
4683 3798
4684 4312
4685 7192
4686 7054
4687 1015
4688 3601
4689 8547
4690 9915
4691 572
4692 8831
4693 7686
4694 3433
4695 7666
4696 4976
4697 2421
4698 5304
4699 2644
4700 663
4701 8783
4702 1482
4703 1234
4704 916
4705 6690
4706 2398
4707 9777
4708 2648
4709 8284
4710 3203
4711 9372
4712 6625
4713 634
4714 2247
4715 6254
4716 6337
4717 2690
4718 5664
4719 7891
4720 236
4721 9201
4722 9168
4723 3359
4724 2529
4725 8100
4726 3760
4727 2439
4728 4301
4729 6204
4730 7953
4731 5966
4732 2732
4733 2488
4734 1227
4735 3963
4736 9401
4737 8913
4738 9325
4739 3094
4740 4569
4741 8017
4742 1363
4743 2989
4744 1833
4745 2383
4746 2155
4747 9581
4748 872
4749 3933
4750 766
4751 4439
4752 1776
4753 9928
4754 4281
4755 1460
4756 6445
4757 7066
4758 3408
4759 4196
4760 5764
4761 9702
4762 3576
4763 821
4764 231
4765 5906
4766 4945
4767 5179
4768 524
4769 4589
4770 8616
4771 6926
4772 2536
4773 4708
4774 705
4775 7490
4776 6192
4777 262
4778 9959
4779 2252
4780 2274
4781 4193
4782 4181
4783 3491
4784 592
4785 3500
4786 1516
4787 2485
4788 6455
4789 5172
4790 2910
4791 6559
4792 3574
4793 4000
4794 5035
4795 6838
4796 9165
4797 1188
4798 8705
4799 8090
4800 8772
4801 4350
4802 3883
4803 6010
4804 5923
4805 7910
4806 2867
4807 1726
4808 7082
4809 2965
4810 2082
4811 7230
4812 6274
4813 8356
4814 3762
4815 9959
4816 9788
4817 9829
4818 1450
4819 3080
4820 7797
4821 7961
4822 3428
4823 3752
4824 5392
4825 7490
4826 221
4827 9056
4828 9693
4829 7270
4830 2853
4831 2633
4832 4584
4833 7641
4834 6114
4835 3351
4836 8125
4837 882
4838 657
4839 1363
4840 4382
4841 9517
4842 5853
4843 1802
4844 6062
4845 2358
4846 9328
4847 2504
4848 5939
4849 5068
4850 3001
4851 6083
4852 4079
4853 3441
4854 3733
4855 8275
4856 8489
4857 4064
4858 4197
4859 584
4860 9841
4861 8417
4862 3105
4863 5255
4864 30
4865 1018
4866 5287
4867 3522
4868 687
4869 2663
4870 5988
4871 5035
4872 6045
4873 3744
4874 5630
4875 5811
4876 7003
4877 2588
4878 8138
4879 6753
4880 3802
4881 9395
4882 1451
4883 3438
4884 2317
4885 1716
4886 3505
4887 8659
4888 4172
4889 1332
4890 4466
4891 2089
4892 4815
4893 3484
4894 9764
4895 3176
4896 2068
4897 1180
4898 6667
4899 9297
4900 3147
4901 389
4902 3028
4903 8436
4904 2204
4905 584
4906 1254
4907 2398
4908 3001
4909 274
4910 4542
4911 4578
4912 2206
4913 7726
4914 5787
4915 8558
4916 774
4917 7216
4918 1601
4919 2149
4920 6659
4921 4570
4922 2521
4923 9104
4924 8808
4925 5665
4926 9369
4927 7713
4928 4295
4929 7206
4930 587
4931 9289
4932 5982
4933 2973
4934 5599
4935 5932
4936 4779
4937 8163
4938 5650
4939 1599
4940 2153
4941 685
4942 7657
4943 4978
4944 262
4945 4766
4946 9514
4947 8968
4948 223
4949 517
4950 5239
4951 1931
4952 128
4953 993
4954 3498
4955 8461
4956 4702
4957 5074
4958 1399
4959 4069
4960 8944
4961 2276
4962 1213
4963 9484
4964 6142
4965 5395
4966 9315
4967 7230
4968 8785
4969 1898
4970 9627
4971 8999
4972 2174
4973 8259
4974 9813
4975 1803
4976 6583
4977 9808
4978 4943
4979 4598
4980 3675
4981 6245
4982 2496
4983 5226
4984 5221
4985 1117
4986 8370
4987 3061
4988 2492
4989 713
4990 3313
4991 3838
4992 6364
4993 3975
4994 8826
4995 808
4996 1485
4997 3033
4998 1443
4999 9684
5000 8943
5001 5812
5002 3566
5003 9691
5004 3018
5005 6725
5006 6737
5007 5582
5008 163
5009 3058
5010 8519
5011 2556
5012 2659
5013 2395
5014 6470
5015 2946
5016 1658
5017 3547
5018 8285
5019 7865
5020 5622
5021 9590
5021 9590
5022 9777
5023 2213
5024 3402
5025 5437
5026 4110
5027 185
5028 4818
5029 7358
5030 623
5031 9282
5032 7089
5034 6752
5035 9625
5036 943
5037 8383
5038 5413
5039 7208
5039 7208
5040 2137
5041 9680
5042 7666
5043 3714
5044 9405
5045 5535
5046 8284
5047 8092
5048 8229
5049 3381
5050 6066
5051 6925
5052 5899
5053 2297
5054 1604
5055 4057
5056 1901
5057 7301
5058 2869
5059 5883
5060 1215
5061 3193
5062 8100
5063 7505
5064 6857
5065 7869
5066 451
5067 7906
5068 4849
5069 2322
5070 7023
5071 6245
5072 5436
5073 6789
5074 4957
5075 4962
5076 5263
5077 6697
5078 3954
5079 4668
5080 9806
5081 3890
5082 8173
5083 747
5084 7010
5085 3997
5086 372
5087 9329
5088 9178
5089 8090
5090 5534
5091 513
5092 8150
5093 5966
5094 823
5095 3381
5096 6721
5097 2405
5098 6337
5099 8722
5100 1205
5101 2841
5102 657
5103 4516
5104 4081
5105 7856
5106 1966
5107 2833
5108 3172
5109 7929
5110 6432
5111 9381
5112 841
5113 5476
5114 3658
5115 8579
5116 3651
5117 8294
5118 1178
5119 1670
5120 4027
5121 2366
5122 354
5123 9342
5124 7189
5125 684
5126 2714
5127 9526
5128 3440
5129 8252
5130 1807
5131 624
5132 4210
5133 5230
5134 4845
5135 7083
5136 2766
5137 9236
5138 8036
5139 318
5140 9690
5141 1854
5142 2996
5143 1287
5144 1095
5145 2989
5146 7558
5147 936
5148 6023
5149 6276
5150 1089
5151 892
5152 6445
5153 1493
5154 2767
5155 6987
5156 5951
5157 1298
5158 3015
5159 4977
5160 6678
5161 3665
5162 6391
5163 6287
5164 2972
5165 5396
5166 8689
5167 6943
5168 7903
5169 9103
5170 3377
5171 285
5172 4789
5173 798
5174 438
5175 6133
5176 9601
5177 2850
5178 6609
5179 4767
5180 6853
5181 589
5182 7261
5183 6799
5184 8268
5185 7702
5186 2507
5187 3152
5188 591
5189 9733
5190 4452
5191 917
5192 505
5193 7934
5194 1566
5195 1020
5196 441
5197 2119
5198 5263
5199 4398
5200 4831
5201 4588
5202 7467
5203 3134
5204 4161
5205 2169
5206 9719
5207 8208
5208 107
5209 468
5210 7666
5211 9795
5212 3840
5213 7907
5214 6475
5215 8446
5216 8368
5217 1324
5218 5030
5219 8076
5220 7667
5221 3159
5222 7847
5223 9770
5224 6485
5225 4848
5226 4983
5227 5320
5228 7986
5229 7866
5230 5133
5231 4519
5232 7734
5233 2883
5234 2587
5235 8153
5236 1061
5237 3051
5238 8034
5239 4950
5240 4089
5241 9230
5242 3314
5243 6080
5244 8019
5245 6607
5246 7319
5247 5365
5248 6423
5249 3229
5250 7916
5251 5966
5252 7994
5253 3190
5254 128
5255 663
5256 4189
5257 8142
5258 1124
5259 3627
5260 4024
5261 2944
5262 847
5263 5198
5264 8266
5265 2036
5266 3740
5267 7993
5268 594
5269 1365
5270 4483
5271 8237
5272 5887
5273 8104
5274 6590
5275 5128
5276 9600
5277 2490
5278 1385
5279 3344
5280 564
5281 5883
5282 2857
5283 5336
5284 9183
5285 7373
5286 584
5287 4411
5288 753
5289 7873
5290 3639
5291 4396
5292 2644
5293 6994
5294 6831
5295 8626
5296 7343
5297 3782
5298 5117
5299 7500
5300 8277
5301 3937
5302 4093
5303 2797
5304 4698
5305 763
5306 7438
5307 9473
5308 6061
5309 8369
5310 5966
5311 1189
5312 5925
5313 8643
5314 6176
5315 518
5316 7686
5317 4851
5318 9126
5319 8359
5320 8711
5321 1253
5322 4412
5323 6986
5324 716
5325 1344
5326 6889
5326 6889
5327 2650
5328 2177
5329 5722
5330 221
5331 9464
5332 7261
5333 8429
5334 4886
5335 6876
5336 8740
5337 1361
5338 410
5339 6808
5340 214
5341 5022
5342 1466
5343 8509
5344 7788
5345 4956
5346 4787
5347 5212
5348 8301
5349 7747
5350 9606
5351 6927
5352 6747
5353 2367
5354 2641
5355 1871
5356 2913
5357 1479
5358 2819
5359 782
5360 7501
5361 8455
5362 6434
5363 5055
5364 9893
5365 5247
5366 3504
5367 9041
5368 8437
5369 7632
5370 7623
5371 5051
5372 3139
5373 1825
5374 3433
5375 7542
5376 2928
5377 5928
5378 7050
5379 3770
5380 6653
5381 4121
5382 9304
5383 9246
5384 288
5385 6497
5386 3769
5387 1424
5388 5316
5389 4383
5390 7275
5391 1236
5392 4466
5393 9691
5394 7776
5395 4965
5396 5165
5397 2964
5398 6216
5399 2194
5400 7595
5401 216
5402 440
5403 953
5404 4529
5405 4332
5406 3700
5407 6208
5408 8981
5409 744
5410 6714
5411 5984
5412 8515
5413 7351
5414 249
5415 302
5416 9755
5417 2590
5418 5144
5419 8381
5420 3162
5421 3388
5422 7278
5423 9662
5424 7300
5425 6305
5426 9906
5427 865
5428 3600
5429 5933
5430 787
5431 9611
5432 9704
5433 1509
5434 1973
5435 4603
5436 5072
5437 7849
5437 7849
5438 3041
5439 8817
5440 4281
5441 6876
5442 6529
5443 4024
5444 7129
5445 8271
5446 3845
5447 4264
5448 7187
5449 9922
5450 741
5451 4818
5452 3313
5453 6229
5454 963
5455 500
5456 7184
5457 3565
5458 2096
5459 464
5460 978
5461 2374
5462 231
5463 7068
5464 294
5465 693
5466 5970
5467 7671
5468 9900
5469 9325
5470 1289
5471 6270
5472 8569
5473 1583
5474 852
5475 9205
5476 5113
5477 2216
5478 757
5479 527
5480 8100
5481 1020
5482 1236
5483 9321
5484 83
5485 2952
5486 9070
5487 9519
5488 9145
5489 802
5490 2653
5491 7711
5492 30
5493 3979
5494 2410
5495 5196
5496 67
5497 6624
5498 9574
5499 1514
5500 6966
5501 8313
5502 2416
5503 7165
5504 1947
5505 126
5506 9546
5507 599
5508 3515
5509 719
5510 2790
5511 8755
5512 289
5513 1474
5514 5011
5515 3744
5516 9788
5517 345
5518 3514
5519 2630
5520 94
5521 4376
5522 8255
5523 6119
5524 5172
5525 9744
5526 7139
5527 4027
5528 3591
5529 1896
5530 347
5531 17
5532 956
5533 4795
5534 1457
5535 3589
5536 3838
5537 6785
5538 7336
5539 8099
5540 586
5541 3762
5542 288
5543 540
5544 9577
5545 4087
5546 1398
5547 2756
5548 4727
5549 8593
5550 6260
5551 4588
5552 1963
5553 2373
5554 3728
5555 7177
5556 1462
5557 7864
5558 8500
5559 879
5560 5246
5561 5544
5562 149
5563 4470
5564 7673
5565 7272
5566 9021
5567 267
5568 9794
5569 9848
5570 3627
5571 3616
5572 2089
5573 8134
5574 6987
5575 6445
5576 7534
5577 9841
5578 9724
5579 8834
5580 921
5581 7700
5582 1052
5583 5627
5584 7451
5585 1335
5586 7412
5587 1480
5588 3248
5589 8899
5590 1664
5591 4462
5592 1336
5593 774
5594 5056
5595 9648
5596 4034
5597 953
5598 1737
5599 4911
5600 9691
5601 5791
5602 9885
5603 5691
5604 6304
5605 2942
5606 1020
5607 1474
5608 6533
5609 6655
5610 8510
5611 4700
5612 8994
5613 8438
5614 2792
5615 6755
5616 1319
5617 8360
5618 4717
5619 3781
5620 2714
5621 3861
5622 6288
5622 6288
5623 3802
5624 6456
5625 188
5626 6206
5627 5583
5628 3733
5629 8169
5630 6329
5631 3654
5632 98
5633 1541
5634 2390
5635 6017
5636 7564
5637 6485
5638 6759
5639 2371
5640 2213
5641 6922
5642 97
5643 849
5644 1564
5645 6620
5646 1816
5647 9029
5648 8070
5649 4391
5650 4938
5651 8070
5652 7811
5653 2019
5654 6588
5655 8313
5656 1963
5657 8685
5658 1228
5659 9176
5660 8261
5661 1284
5662 3272
5663 21
5664 9628
5665 4925
5666 2848
5667 4055
5668 4997
5669 3710
5670 54
5671 5656
5672 9213
5673 1236
5674 3333
5675 8885
5676 468
5677 2373
5678 4199
5679 5846
5680 6454
5681 9559
5682 7667
5683 7203
5684 9856
5685 5652
5686 4867
5687 6037
5688 3691
5689 2900
5690 6329
5691 5603
5692 4368
5693 5986
5694 9036
5695 5788
5696 8472
5697 6852
5698 4051
5699 844
5700 6687
5701 8519
5702 935
5703 9235
5704 3301
5705 8617
5706 7418
5707 56
5708 1631
5709 8194
5709 8194
5710 2672
5711 424
5712 2506
5713 1870
5714 6542
5715 3873
5716 3567
5717 4479
5718 1880
5719 7898
5720 947
5721 6651
5722 5329
5723 4130
5724 4391
5725 8098
5726 2865
5727 2460
5728 2836
5729 5136
5730 6908
5731 1072
5732 2409
5733 3437
5734 3273
5735 3932
5736 2333
5737 1482
5738 912
5739 927
5740 7047
5741 8353
5742 3461
5743 3377
5744 7994
5745 3350
5746 8679
5747 9679
5748 4965
5749 2364
5750 3507
5751 8246
5752 1647
5753 7696
5754 4411
5755 9824
5756 1992
5757 9570
5758 254
5759 6192
5760 9156
5761 4783
5762 3000
5763 2184
5764 2002
5765 1486
5766 432
5767 2324
5768 3883
5769 9535
5770 8610
5771 2081
5772 8259
5773 9643
5774 3324
5775 3948
5776 7390
5777 5245
5778 8861
5779 9560
5780 7967
5781 6812
5782 898
5783 5321
5784 9188
5785 9553
5786 1742
5787 9749
5788 2866
5789 2572
5790 6591
5791 5601
5792 7695
5793 7865
5794 9219
5795 3194
5796 6871
5797 1610
5798 2807
5799 524
5800 9861
5801 1945
5802 4529
5803 1663
5804 3378
5805 8976
5806 8263
5807 105
5808 9231
5809 4506
5810 2120
5811 7236
5812 9784
5813 2143
5814 1744
5815 2230
5816 2088
5817 343
5818 7577
5819 7327
5820 5606
5821 6052
5822 7649
5823 3499
5824 9970
5825 3589
5826 4784
5827 2571
5828 2261
5829 7051
5830 4045
5831 414
5832 831
5833 6610
5834 5672
5835 5656
5836 3170
5837 9517
5838 8412
5839 5228
5840 6577
5841 6409
5842 5351
5843 5696
5844 7996
5845 1993
5846 5679
5847 4612
5848 5260
5849 1942
5850 2779
5851 6143
5852 1525
5853 4842
5854 1585
5855 3639
5856 8522
5857 5646
5858 6766
5859 8731
5860 9570
5861 1479
5862 4890
5863 4289
5864 3324
5865 6627
5866 491
5867 6806
5868 4226
5869 4923
5870 310
5871 8087
5872 5124
5873 2152
5874 8306
5875 3606
5876 9641
5877 5742
5878 6605
5879 3282
5880 273
5881 8663
5882 8461
5883 767
5884 2690
5885 5552
5886 5892
5887 6955
5888 4247
5889 1854
5890 4106
5891 5329
5892 5886
5893 3376
5894 8547
5895 7909
5896 3196
5897 2395
5898 183
5899 5052
5900 9270
5901 893
5902 7394
5903 8028
5904 733
5905 376
5906 4765
5907 2178
5908 477
5909 3689
5910 4499
5911 3769
5912 8012
5913 3359
5914 8696
5916 6388
5917 4424
5918 2202
5919 7958
5920 6462
5921 722
5922 1474
5923 4804
5924 7968
5925 5312
5926 47
5927 2733
5928 1245
5929 247
5930 7960
5931 4867
5932 1153
5933 6924
5934 7148
5935 7592
5936 9641
5937 1734
5938 8728
5939 4848
5940 5973
5941 1539
5942 2279
5943 2949
5944 8365
5945 1244
5946 8656
5947 2362
5948 3163
5949 6687
5950 2832
5951 9841
5952 6982
5953 8203
5954 4188
5955 1563
5956 3973
5957 6671
5958 6293
5959 7154
5960 7978
5961 1848
5962 810
5963 8334
5964 4384
5965 5543
5966 897
5967 2695
5968 9023
5969 6026
5970 5466
5971 8827
5972 7617
5973 8189
5974 2634
5975 428
5976 4435
5977 4204
5978 3216
5979 2031
5980 1661
5981 2925
5982 3467
5983 4900
5984 6364
5985 1158
5986 5693
5987 7686
5988 4870
5989 5556
5990 3333
5991 2753
5992 1177
5993 543
5994 7636
5995 8641
5996 1829
5997 980
5998 9804
5999 2865
6000 4817
6001 3915
6002 6352
6003 1110
6004 7634
6005 7152
6006 7232
6007 9099
6008 3491
6009 7020
6010 4803
6011 917
6012 1247
6013 4542
6014 7696
6015 2900
6016 7831
6017 6997
6018 5662
6019 4539
6020 8795
6021 9156
6022 8786
6023 5148
6024 9792
6025 6189
6026 5969
6027 7738
6028 2576
6029 5720
6030 9127
6031 1433
6032 3622
6033 905
6034 2068
6035 7842
6036 7187
6037 9131
6038 7542
6039 6784
6040 3737
6041 9099
6042 9033
6043 1120
6044 2583
6045 6416
6046 9745
6047 4803
6048 9473
6049 2697
6050 7874
6051 3877
6052 2800
6053 1175
6054 9383
6055 3821
6056 3823
6057 3938
6058 8597
6059 856
6060 4388
6061 5308
6062 4844
6063 623
6064 5274
6065 5815
6066 916
6067 7961
6068 6126
6069 9811
6070 7738
6071 6603
6072 3709
6073 399
6074 9306
6075 4583
6076 2772
6077 33
6078 8510
6079 8589
6080 3733
6081 3872
6082 1062
6083 4851
6084 2393
6085 6805
6085 6805
6086 700
6087 424
6088 2553
6089 4204
6090 4159
6091 3030
6092 630
6094 4402
6095 2605
6096 6876
6097 321
6098 7458
6099 8280
6100 1990
6101 9201
6102 789
6103 1289
6104 9100
6105 9485
6106 8989
6107 7393
6108 5497
6109 5568
6110 5436
6111 4094
6112 3296
6113 8754
6114 4834
6115 8054
6116 3806
6117 1228
6118 206
6119 5523
6121 7927
6122 6410
6123 7400
6124 2315
6125 7854
6126 7189
6127 6875
6128 1886
6129 482
6130 8813
6131 2717
6132 6775
6133 7151
6134 151
6135 7117
6136 9367
6137 9817
6138 371
6139 7151
6140 3421
6141 2406
6142 2175
6143 1236
6144 3483
6145 468
6146 7932
6147 7206
6148 3813
6149 3305
6150 4473
6151 1566
6152 7833
6153 5070
6154 2471
6155 994
6156 9402
6157 3733
6158 8427
6159 1734
6160 9310
6161 802
6162 5821
6163 6343
6164 5943
6165 3156
6166 1044
6167 9029
6168 14
6169 8289
6170 5753
6171 1090
6172 5620
6173 4339
6174 1703
6175 1187
6176 5314
6177 452
6178 7447
6180 8298
6181 6491
6182 1730
6183 8090
6184 1738
6185 7666
6186 6090
6187 5329
6188 6418
6189 6025
6190 8680
6191 169
6192 4776
6193 6569
6194 9986
6195 7612
6197 4242
6198 9789
6199 3550
6200 7689
6201 513
6202 1398
6203 3450
6204 4729
6205 266
6206 5626
6207 4787
6208 5407
6209 9207
6210 3911
6211 2817
6212 8337
6213 2288
6214 408
6215 467
6216 2148
6217 2618
6218 1181
6219 2609
6220 8908
6221 9529
6222 3090
6223 4147
6225 6782
6226 1852
6227 2196
6228 492
6229 1111
6230 6314
6231 2083
6232 3107
6233 5779
6234 6886
6235 9015
6236 7391
6237 9705
6238 6428
6239 8935
6240 5544
6241 9530
6242 4093
6243 9701
6244 1814
6245 9974
6246 3164
6247 6966
6248 2382
6249 7699
6250 4051
6251 8829
6252 584
6253 7184
6254 6177
6255 1398
6256 4791
6257 8164
6258 4937
6259 6299
6260 5550
6261 4608
6262 9242
6263 5975
6264 7305
6265 6627
6266 623
6267 2421
6268 4598
6269 6446
6270 2605
6271 77
6272 7632
6273 7469
6274 4812
6275 1491
6276 3382
6277 7949
6278 8219
6279 2728
6280 4681
6281 8727
6282 3802
6283 7580
6284 7741
6285 1879
6286 963
6287 1949
6289 7902
6290 8434
6291 7839
6292 8867
6293 9804
6294 262
6295 7432
6296 2329
6297 8380
6298 8597
6299 6259
6300 185
6301 410
6302 2565
6303 5874
6304 5604
6305 5425
6306 9122
6307 3487
6308 1936
6309 5399
6310 7066
6311 8575
6312 7517
6313 220
6314 6230
6315 1622
6316 2511
6317 3724
6318 8802
6319 7298
6320 6213
6321 2263
6322 2408
6323 9294
6324 6674
6325 6822
6326 168
6327 7675
6328 689
6329 3227
6330 536
6331 2405
6332 7909
6333 8830
6334 9207
6335 8138
6336 8653
6337 5098
6338 333
6339 879
6340 4219
6341 9157
6342 7222
6343 2529
6344 4066
6345 8755
6346 4273
6347 8149
6348 1035
6349 2857
6350 3581
6351 4210
6352 5157
6353 1821
6354 1523
6355 496
6356 82
6357 3475
6358 4752
6359 6491
6360 5532
6361 3601
6362 3025
6363 7410
6364 9296
6365 1823
6366 644
6367 5365
6368 2663
6369 1869
6370 9579
6371 2698
6372 5996
6373 5570
6374 3275
6375 8848
6376 638
6377 989
6378 6458
6379 9551
6380 9503
6381 9680
6382 2502
6383 802
6384 5642
6385 9188
6386 2193
6387 1226
6388 5916
6389 7649
6390 3084
6391 6719
6392 9701
6393 6475
6394 1154
6395 7118
6396 9337
6397 3678
6398 9436
6399 6437
6400 2543
6401 8887
6402 3408
6403 5582
6404 7977
6405 9457
6406 7783
6407 9678
6408 9655
6409 5841
6410 6122
6411 3349
6412 9698
6413 1095
6414 173
6415 863
6416 6045
6417 9484
6418 9107
6419 2695
6420 1343
6421 5957
6422 4156
6423 5248
6424 9817
6425 3073
6426 1888
6427 4147
6428 6238
6429 664
6430 8597
6431 338
6432 8719
6433 112
6434 147
6435 4210
6436 4431
6437 6643
6438 518
6439 1228
6440 6898
6441 17
6442 4165
6443 3047
6444 4822
6445 4756
6446 1188
6447 2749
6448 4888
6449 7981
6450 6823
6451 1614
6452 3844
6453 8887
6454 2777
6455 6540
6456 5624
6457 6920
6458 7215
6459 2775
6460 2625
6461 3680
6462 2493
6463 9421
6464 3105
6465 6842
6466 9534
6467 4431
6468 6966
6469 2605
6470 5014
6471 9526
6472 2347
6473 8696
6474 9011
6475 4301
6476 8325
6477 7060
6478 8620
6479 3551
6480 6356
6481 6166
6482 1053
6483 6762
6484 9377
6485 1204
6486 3280
6487 1467
6488 1908
6489 1044
6490 1861
6491 6181
6492 6374
6493 9959
6494 1583
6495 7984
6496 9287
6497 7541
6498 8968
6499 3475
6500 2753
6501 9053
6502 7533
6503 2144
6504 3601
6505 8883
6506 3797
6507 8834
6508 9732
6509 7775
6510 5530
6511 8324
6512 965
6513 6340
6514 982
6515 1890
6516 4882
6517 6428
6518 3222
6519 1016
6520 9640
6521 732
6522 7988
6523 7245
6524 4338
6525 4050
6526 1929
6527 8499
6528 1661
6529 5442
6530 3156
6531 6153
6532 4246
6533 5608
6534 9851
6535 1325
6536 1131
6537 6803
6538 3434
6539 6924
6540 6455
6541 6310
6542 6733
6543 4263
6544 9989
6545 9397
6546 2369
6547 3194
6548 4024
6549 9683
6550 7047
6551 3919
6552 394
6553 9065
6554 2735
6555 1283
6556 9546
6557 7617
6558 4486
6559 4791
6560 9210
6561 6090
6562 4544
6563 2253
6564 7129
6565 9488
6566 4571
6567 9120
6568 7825
6569 5043
6570 2793
6571 623
6572 2187
6573 6372
6574 6173
6575 7127
6576 7775
6577 5840
6578 5281
6579 8013
6580 6342
6581 3788
6582 1925
6583 4976
6584 7398
6585 9303
6586 9529
6587 1665
6588 2545
6589 2193
6590 5274
6591 8782
6592 9799
6593 2222
6594 2462
6595 5515
6596 2073
6597 8858
6598 2589
6599 788
6600 4086
6601 6755
6602 1873
6603 6071
6604 660
6605 5878
6606 3498
6607 7617
6608 59
6609 5734
6610 9602
6611 484
6612 6314
6613 1052
6614 3067
6615 4587
6616 5226
6617 2363
6618 1055
6619 9551
6620 5645
6621 9727
6622 9437
6623 1070
6624 4807
6625 4712
6626 9495
6627 6265
6628 1426
6629 7373
6630 2526
6631 9446
6632 8008
6633 8339
6634 5815
6635 1516
6636 5948
6637 9822
6638 9386
6639 5453
6640 3000
6641 7483
6642 612
6643 1253
6644 5957
6645 2424
6646 492
6647 7821
6648 1908
6649 3147
6650 7331
6651 5721
6652 4673
6653 5380
6654 1426
6655 5609
6656 131
6657 9701
6658 3776
6659 4920
6660 6958
6661 8193
6662 4930
6663 6460
6664 2777
6665 5202
6666 4994
6667 9150
6668 6572
6669 4110
6670 4152
6671 5957
6672 5906
6673 5384
6674 3032
6675 7819
6676 4876
6677 393
6678 1342
6679 6184
6680 4426
6681 4655
6682 3256
6683 8523
6684 2534
6685 979
6686 5931
6687 699
6688 6607
6689 2216
6690 6529
6691 1593
6692 612
6693 8249
6694 2233
6695 623
6696 8762
6697 9536
6698 6763
6699 1137
6700 631
6701 8317
6702 2254
6703 87
6704 8279
6705 1275
6706 9789
6707 3439
6708 6296
6709 3304
6710 4035
6711 7938
6712 5390
6713 9240
6714 7460
6715 7559
6716 3402
6717 1360
6718 2168
6719 6391
6720 97
6721 5096
6722 2495
6723 3541
6724 6497
6725 928
6726 131
6727 6268
6728 7359
6729 2019
6730 8763
6731 9386
6732 833
6733 6542
6734 1022
6735 9493
6736 7988
6737 8724
6738 8437
6739 7237
6740 3491
6741 4248
6742 5161
6743 3706
6744 4056
6745 4761
6746 384
6747 9178
6748 4639
6749 6691
6750 2447
6751 1253
6752 5034
6753 4879
6754 6752
6755 6601
6756 70
6757 8080
6758 3194
6759 4109
6760 3521
6761 1607
6762 7085
6763 6698
6764 3198
6765 7736
6766 5858
6767 7998
6768 1368
6769 5907
6770 8495
6771 4601
6772 2248
6773 4055
6774 7782
6775 6132
6776 4436
6777 9035
6778 3323
6779 33
6780 8939
6781 4779
6782 2407
6783 7057
6784 6039
6785 5537
6786 8669
6787 415
6788 8557
6789 5073
6790 504
6791 9888
6792 9523
6793 7702
6794 9235
6795 1559
6796 7937
6797 446
6798 1764
6799 8620
6800 838
6801 7486
6802 4664
6803 1057
6804 1953
6806 5867
6807 634
6808 5079
6809 9978
6810 9939
6811 4551
6812 4382
6813 1045
6814 5650
6815 9172
6816 5140
6817 6055
6818 7363
6819 9505
6820 2397
6821 4034
6822 6154
6823 7820
6824 1998
6825 8755
6826 7887
6827 449
6828 4099
6829 885
6830 2055
6831 5294
6832 9464
6833 9107
6834 7163
6835 5993
6836 2045
6837 8659
6838 828
6839 9366
6840 6090
6841 6774
6842 6465
6843 3062
6844 6230
6845 3789
6846 3902
6847 3152
6848 9129
6849 537
6850 371
6851 4195
6852 9013
6853 5180
6854 4260
6855 881
6856 6674
6857 5064
6858 6416
6859 9476
6860 5925
6861 1614
6862 6893
6863 2324
6864 7408
6865 9876
6866 9212
6867 9941
6867 9941
6868 283
6869 4453
6870 154
6871 5796
6872 7528
6873 8582
6874 6920
6875 6127
6876 9049
6877 6303
6878 7796
6879 5442
6880 35
6881 7202
6882 7796
6883 119
6884 778
6886 9611
6887 1676
6888 8049
6890 276
6891 1357
6892 7547
6893 6862
6894 667
6895 991
6896 8912
6897 5943
6898 9791
6899 3587
6900 4243
6901 2675
6902 2483
6903 127
6904 4405
6905 2973
6906 1857
6907 8608
6908 6561
6909 7491
6910 1891
6911 7015
6912 1691
6913 7118
6914 1011
6915 8282
6916 7535
6917 5354
6918 8685
6919 674
6920 6457
6921 8968
6922 5641
6923 252
6924 6539
6925 8714
6926 4771
6927 5351
6928 1057
6929 6660
6930 3774
6931 6718
6932 4378
6933 838
6934 3248
6935 9742
6936 9065
6937 8193
6938 1630
6939 9474
6940 1201
6941 2301
6942 8280
6943 904
6944 967
6945 8429
6946 1546
6947 4082
6948 6646
6949 1241
6950 9707
6951 4702
6952 9944
6953 4569
6954 4847
6955 806
6956 9512
6957 7907
6958 6660
6959 9258
6960 8473
6961 4216
6962 8108
6963 9301
6964 609
6965 6675
6966 6247
6967 9347
6968 8259
6969 7853
6970 4201
6971 9117
6972 274
6973 9091
6974 7464
6975 6859
6976 1741
6977 3213
6978 9468
6979 9461
6980 4146
6981 6115
6982 5952
6983 3262
6984 2301
6985 7488
6986 8908
6987 5155
6988 9712
6989 8267
6990 3235
6991 4333
6992 7943
6993 3906
6994 5293
6995 2205
6996 7254
6997 9861
6998 1877
6999 8460
7000 3514
7001 296
7002 2546
7003 4876
7004 7180
7005 3067
7006 4415
7007 5966
7008 8748
7009 8220
7010 4582
7011 2026
7012 619
7013 8991
7014 9724
7015 6243
7016 5329
7017 2690
7018 1432
7019 9807
7020 6009
7021 7801
7022 9164
7023 5070
7024 9949
7025 7842
7026 3287
7027 1141
7028 5698
7029 5810
7030 3322
7031 2419
7032 1237
7033 7880
7034 7304
7035 1888
7036 9155
7037 6360
7038 6922
7039 1173
7040 2046
7041 6790
7042 2963
7043 3073
7044 267
7045 2653
7046 2161
7047 6550
7048 7902
7049 6208
7050 8819
7051 9660
7052 7853
7053 8127
7054 4686
7055 3862
7056 3176
7057 9883
7058 773
7059 9066
7060 6477
7061 8220
7062 6437
7063 1551
7064 1411
7065 9393
7066 4757
7067 441
7068 4451
7069 4791
7070 6659
7071 6436
7072 2910
7073 4847
7074 9211
7075 2196
7076 4267
7077 4661
7078 3683
7079 7394
7080 7854
7081 7769
7082 2036
7083 2337
7084 3993
7085 9671
7086 9517
7087 9503
7088 3395
7089 5032
7090 714
7091 2342
7092 2814
7093 3391
7094 1091
7095 6358
7096 6081
7097 5296
7098 2774
7099 7223
7100 6646
7101 9701
7102 9156
7103 8499
7104 2299
7105 1194
7106 8012
7107 8757
7108 6183
7109 266
7110 6976
7111 823
7112 7834
7113 3460
7114 3121
7115 9484
7116 2153
7117 8242
7118 6395
7119 3752
7120 1681
7121 1888
7122 8436
7123 1357
7124 8346
7125 4277
7126 5184
7127 3878
7128 5392
7129 3361
7130 3176
7131 1800
7132 2603
7133 6019
7134 7605
7135 862
7136 3490
7137 2974
7138 6280
7139 5526
7140 35
7141 9287
7142 2770
7143 1245
7144 3652
7145 9337
7146 2065
7147 645
7148 9576
7149 3052
7150 8586
7151 6133
7152 6005
7153 9287
7154 5156
7155 4895
7156 3539
7157 7543
7158 3109
7159 352
7160 4412
7161 5666
7162 9484
7163 725
7164 3194
7165 1073
7166 3710
7167 6282
7168 7915
7169 4425
7170 6498
7171 475
7172 5152
7173 1139
7174 519
7175 8027
7176 4576
7177 5555
7178 3069
7179 2393
7180 559
7181 7219
7182 1479
7183 8312
7184 4738
7185 4179
7186 8490
7187 999
7188 2298
7189 4049
7190 1167
7191 8693
7192 2769
7193 8448
7194 9906
7195 2485
7196 9675
7197 5353
7198 538
7199 3871
7200 473
7201 3905
7202 6881
7203 5683
7204 329
7205 9107
7206 6147
7207 3134
7209 7847
7210 2265
7211 9526
7212 451
7213 8657
7214 1151
7215 6458
7216 1828
7217 9473
7218 2317
7219 7181
7220 3792
7221 9267
7222 6342
7223 7099
7224 4975
7225 3670
7226 3505
7227 9741
7228 2717
7229 5022
7230 8396
7231 7848
7232 9383
7233 5966
7234 8956
7235 1662
7236 5811
7237 5966
7238 5578
7239 3405
7240 634
7241 7673
7242 9100
7243 468
7244 7268
7245 528
7246 329
7247 7810
7248 409
7249 5223
7250 1652
7251 9248
7252 3140
7253 7854
7254 1631
7255 2753
7256 8956
7258 4423
7259 2741
7260 1417
7261 3218
7262 4214
7263 2220
7264 6416
7265 3525
7266 547
7267 2358
7268 1276
7269 3819
7270 4829
7271 8101
7272 5565
7273 1546
7274 9096
7275 1829
7276 2717
7277 514
7278 6364
7279 5376
7280 4653
7281 3405
7282 7103
7283 3194
7284 4399
7285 8076
7286 958
7287 7644
7288 9565
7289 1461
7290 3635
7291 4934
7292 9940
7293 7760
7294 6235
7295 9671
7296 9543
7297 9390
7298 6319
7299 6255
7300 9389
7301 7419
7302 960
7303 7436
7304 9108
7305 2725
7306 933
7307 7244
7308 8338
7309 3760
7310 9050
7311 1257
7312 7805
7313 17
7314 8724
7315 9360
7316 8024
7317 7280
7318 4806
7319 5246
7320 4188
7321 6674
7322 2709
7323 9767
7324 9097
7325 4304
7326 4598
7327 8495
7328 2321
7329 728
7330 8788
7331 907
7332 4225
7333 3910
7334 2989
7335 3536
7336 5538
7337 1910
7338 390
7339 5068
7340 2179
7341 3911
7342 4526
7343 5296
7344 2607
7345 3591
7346 50
7347 5156
7348 6461
7349 5753
7350 1191
7351 2516
7352 151
7353 5274
7354 4367
7355 393
7356 1044
7357 3845
7358 5029
7359 6728
7360 2255
7361 4996
7362 9570
7363 4622
7364 3373
7365 1783
7366 5940
7367 7674
7368 7334
7369 8539
7370 4092
7371 5581
7372 6137
7373 5285
7374 2733
7375 552
7376 9322
7377 8912
7378 201
7379 609
7380 2608
7381 5587
7382 1617
7383 8840
7383 8840
7384 787
7385 1931
7386 6155
7387 8699
7388 9918
7389 5421
7390 7140
7391 7971
7392 9553
7393 6107
7394 5902
7395 3886
7396 8422
7397 8536
7398 1130
7399 5146
7400 5892
7401 9159
7402 5863
7403 434
7404 3186
7405 7445
7406 4029
7407 945
7408 9484
7409 547
7410 6363
7411 4342
7412 9746
7413 3301
7414 7443
7415 9176
7416 3537
7417 2618
7418 1436
7419 1098
7420 6934
7421 4807
7422 1414
7423 1386
7424 2080
7425 6634
7426 8160
7427 9046
7428 8197
7429 6404
7430 1394
7431 2461
7432 9430
7433 3913
7434 4532
7435 4405
7436 2762
7437 9990
7438 5306
7439 3192
7440 8472
7441 7087
7442 8306
7443 3511
7444 2625
7445 7405
7446 6105
7447 4029
7448 1998
7449 6290
7450 1739
7451 6765
7452 8615
7453 4242
7454 8683
7455 4067
7456 9937
7457 1524
7458 319
7459 7663
7460 1623
7461 7692
7462 9287
7463 4037
7464 6974
7465 943
7466 319
7467 5202
7468 2147
7469 3329
7470 7556
7471 9489
7472 3911
7473 600
7474 8001
7475 6305
7476 3516
7477 4269
7478 3918
7479 9186
7480 9712
7481 3630
7482 3525
7483 1668
7484 7045
7485 4219
7486 6801
7487 7118
7488 6985
7489 1284
7490 4775
7491 6909
7492 2002
7493 3392
7494 4759
7495 9290
7496 5373
7497 7811
7498 3516
7499 2322
7500 5299
7501 5360
7502 7945
7503 7400
7504 9386
7505 6300
7506 6715
7507 3437
7508 8635
7509 5198
7510 128
7511 9983
7512 2744
7513 3437
7514 7569
7515 5114
7516 2381
7517 6312
7519 4857
7520 6220
7521 1762
7522 4598
7523 8408
7524 1042
7525 3380
7526 3043
7527 195
7528 6872
7529 1086
7530 3148
7531 9524
7532 9570
7533 6502
7534 5576
7535 1778
7536 1012
7537 8118
7538 4920
7539 8868
7540 682
7541 6497
7542 8623
7542 8623
7543 7157
7544 739
7545 9817
7546 8364
7547 9909
7548 8967
7549 3056
7550 613
7551 4698
7552 5009
7553 2906
7554 2678
7555 8418
7556 505
7557 1677
7558 2902
7559 4004
7560 3437
7561 7703
7562 1705
7563 8028
7564 5636
7565 6713
7566 8097
7567 8135
7568 1289
7569 7982
7570 90
7571 1130
7572 3420
7573 8827
7574 8504
7575 2691
7576 492
7577 776
7578 6184
7579 9247
7580 612
7581 2620
7582 9470
7583 9424
7584 6173
7585 2187
7586 726
7587 7552
7588 7131
7589 4530
7590 414
7591 1430
7592 5935
7593 5488
7594 9234
7595 3513
7596 748
7597 1083
7598 5231
7599 2063
7600 4094
7601 4000
7602 9356
7603 2314
7604 389
7605 7134
7606 958
7607 4623
7608 7734
7609 7412
7610 8169
7611 1909
7612 4060
7613 4733
7614 684
7615 6890
7616 6714
7617 3267
7618 7458
7619 3805
7620 2653
7621 8690
7622 7188
7623 8931
7624 4337
7625 1698
7626 1898
7627 8968
7628 1430
7629 4144
7630 4594
7631 9992
7632 6272
7633 2713
7634 3590
7635 9986
7636 9326
7637 4576
7638 2096
7639 232
7640 4534
7641 4155
7642 3721
7643 4534
7644 2130
7645 1060
7646 6342
7647 9141
7648 5413
7649 7801
7650 3726
7651 150
7652 8610
7653 9347
7654 8263
7655 9694
7656 8359
7657 8208
7658 9431
7658 9431
7658 9431
7659 3121
7660 2419
7661 1106
7662 6569
7663 2251
7665 4733
7666 3053
7667 8714
7668 7504
7669 8149
7670 4431
7671 3507
7672 6081
7673 7241
7674 7367
7675 9691
7676 7375
7677 3898
7678 8968
7679 3560
7680 8404
7681 125
7682 2317
7683 1589
7684 9867
7685 2618
7686 4330
7687 6714
7688 3818
7689 6200
7690 2619
7691 8811
7692 6582
7693 2005
7694 1659
7695 5792
7696 5753
7697 8300
7698 729
7699 6249
7700 5581
7701 3442
7702 3139
7703 7561
7704 2196
7705 7741
7706 31
7707 2149
7708 6588
7709 296
7710 5958
7711 8002
7712 3608
7713 4927
7714 7390
7715 7893
7716 2861
7717 9771
7718 6986
7719 6407
7720 2504
7721 6229
7722 9770
7723 1337
7724 1854
7725 3074
7726 8713
7727 7920
7728 2550
7729 7363
7730 8896
7731 7929
7732 1057
7733 3720
7734 5421
7735 9966
7736 6765
7737 2175
7738 3992
7739 9831
7740 2285
7741 6284
7743 6397
7744 5552
7745 2631
7746 5971
7747 9465
7748 5992
7749 9513
7750 2325
7751 8875
7752 3906
7753 5853
7754 2557
7755 6947
7756 3371
7757 1079
7758 8663
7759 5544
7760 2374
7761 6590
7762 7534
7763 8857
7764 147
7765 4526
7766 9378
7767 3228
7768 7611
7769 7081
7770 1080
7771 8365
7772 7678
7773 2080
7774 352
7775 6576
7776 894
7777 2061
7778 6100
7779 2890
7780 2417
7781 9400
7781 9400
7782 9683
7783 6406
7784 3969
7785 5698
7786 4082
7787 8826
7788 5344
7789 3086
7790 8908
7791 8815
7792 5632
7793 3333
7794 8155
7795 5274
7796 6882
7797 9548
7798 9693
7799 1412
7800 125
7801 7649
7802 3109
7803 9822
7804 714
7805 7312
7806 4099
7807 4382
7808 6950
7809 6602
7810 5255
7811 3699
7812 2424
7813 9238
7814 4700
7815 9263
7816 8191
7817 2543
7818 5467
7819 6982
7820 6823
7821 259
7822 1034
7823 2619
7824 3737
7825 6568
7826 6974
7827 5884
7828 9839
7829 1539
7830 4344
7831 7345
7832 4320
7833 1012
7834 7112
7835 2756
7836 9655
7837 8141
7838 9652
7839 6291
7840 9218
7841 7341
7842 6035
7843 8653
7844 1634
7845 3414
7846 7949
7847 5222
7848 7231
7850 8308
7851 5936
7852 1857
7853 6969
7854 6125
7855 8664
7856 9491
7857 4431
7858 3584
7859 58
7860 694
7861 6312
7862 457
7863 7977
7864 5557
7865 9605
7866 1555
7867 1767
7868 2414
7869 51
7870 94
7871 9617
7872 8573
7873 5289
7874 6050
7875 6363
7876 9706
7877 5356
7878 9924
7879 1119
7880 8786
7881 4278
7882 5600
7883 5804
7884 9441
7885 5601
7886 1111
7887 9234
7888 1972
7889 8815
7891 4719
7892 9275
7893 7715
7894 4652
7895 6181
7896 6287
7897 7103
7898 5258
7899 1052
7900 4596
7901 9883
7902 7048
7903 7833
7904 8896
7905 2599
7906 5067
7907 6957
7908 6026
7909 5895
7910 4805
7911 9825
7912 9963
7913 5173
7914 2279
7915 7168
7916 3908
7917 1996
7918 1035
7919 5430
7920 7727
7921 551
7922 1196
7923 4346
7924 6895
7925 7501
7926 561
7927 9155
7928 1647
7929 4954
7930 3749
7931 2594
7932 9688
7933 2579
7934 5193
7935 9323
7936 2393
7937 6796
7938 6711
7939 2663
7940 8374
7941 7398
7942 6406
7943 6992
7944 6774
7945 7502
7946 4405
7947 7472
7948 1888
7949 6277
7950 598
7951 5436
7952 7931
7953 3353
7954 2207
7955 5753
7956 6618
7957 1898
7958 1975
7959 381
7960 5930
7961 9022
7962 9967
7963 927
7964 4217
7965 9579
7966 3333
7967 2749
7968 5924
7969 4477
7970 9312
7971 7391
7972 9473
7973 8412
7974 7134
7975 650
7976 6791
7977 7863
7978 6016
7979 8995
7980 8300
7981 1112
7982 8406
7983 2153
7984 6495
7985 9412
7986 3052
7987 2002
7988 9898
7989 9090
7990 4768
7991 2690
7992 7221
7993 5544
7994 5744
7995 1323
7996 213
7997 3639
7998 3959
7999 6364
8000 3056
8001 3928
8002 332
8003 9913
8004 9565
8005 5837
8006 3226
8007 3150
8008 6632
8009 4284
8010 553
8011 4524
8012 2689
8013 6579
8014 9594
8015 2460
8016 125
8017 7438
8018 4204
8019 5244
8020 882
8021 8902
8022 3019
8023 2210
8024 7316
8025 4629
8026 9735
8027 3014
8028 2909
8029 5263
8030 957
8031 2316
8032 5739
8033 436
8034 5238
8035 5815
8036 5138
8037 8963
8038 9268
8039 6614
8040 3359
8041 3628
8042 9850
8043 9788
8044 2782
8045 5647
8046 9446
8047 3599
8048 3003
8049 6888
8050 4911
8051 4069
8052 5589
8053 9611
8054 6115
8055 7390
8056 2306
8057 7448
8058 8067
8059 2191
8060 444
8061 7666
8062 8804
8063 9882
8064 6658
8065 6828
8066 7945
8067 664
8068 3599
8069 4003
8070 5651
8071 194
8072 2290
8073 2207
8074 2054
8075 9108
8076 7401
8077 4481
8078 3920
8079 189
8080 9993
8081 8004
8082 1579
8083 1910
8084 9980
8085 7448
8086 7734
8087 5871
8088 8580
8089 4442
8090 6183
8091 9857
8092 1617
8093 8732
8094 9200
8095 1
8096 1398
8097 7566
8098 5725
8099 8677
8100 5062
8101 1300
8102 460
8103 3292
8104 7129
8105 1787
8106 8298
8107 5707
8108 6962
8109 1901
8110 3670
8111 5907
8112 851
8113 4105
8114 4108
8115 7029
8116 6532
8117 6977
8118 9066
8119 851
8120 1003
8121 9909
8122 8283
8123 5411
8124 1797
8125 1577
8126 6930
8127 7053
8128 6822
8129 195
8130 602
8131 1606
8132 4004
8133 3440
8134 5573
8135 7567
8136 5740
8137 5995
8138 4878
8139 5587
8140 8941
8141 7837
8142 524
8143 5476
8144 8046
8145 3228
8146 4306
8147 1236
8148 4396
8149 6347
8150 5092
8151 9797
8152 3702
8153 8998
8154 1448
8155 9398
8156 3951
8157 2531
8158 1733
8159 2848
8160 7426
8161 3564
8162 8913
8163 547
8164 6257
8165 7356
8166 3962
8167 2691
8168 9301
8169 2959
8170 5393
8171 9495
8172 6267
8173 5082
8174 4242
8175 6195
8176 8449
8178 1975
8179 6394
8180 8941
8181 2413
8182 2451
8183 3058
8184 6788
8185 9639
8186 6008
8187 8784
8188 1101
8189 5973
8190 1083
8191 7816
8192 3470
8193 6937
8195 3884
8196 8610
8197 7428
8198 4920
8199 4052
8200 8693
8201 6111
8202 90
8203 853
8204 3333
8205 2877
8206 7008
8207 7219
8208 7657
8209 510
8210 131
8211 5263
8212 4519
8213 706
8214 1150
8215 4663
8216 484
8217 9523
8218 5951
8219 6278
8220 7009
8221 9908
8222 1206
8223 1042
8224 5914
8225 1652
8226 2711
8227 2350
8228 208
8229 3826
8230 2207
8231 1035
8232 1137
8233 1590
8234 2194
8235 2572
8236 8738
8237 3295
8238 2124
8239 8744
8240 2207
8241 1756
8242 4385
8243 5023
8244 7927
8245 928
8246 5751
8247 675
8248 6450
8249 6693
8250 97
8251 9776
8252 9737
8253 3262
8254 6988
8255 5522
8256 9440
8257 8576
8258 9369
8259 5772
8260 2676
8261 5660
8262 4947
8263 6982
8264 1220
8265 4719
8266 5264
8267 6989
8268 5184
8269 66
8270 7832
8271 4779
8272 2648
8273 7088
8274 1296
8275 4204
8276 9078
8277 3353
8278 1698
8279 6785
8280 8508
8281 1759
8282 6915
8283 3426
8284 7500
8285 5018
8286 9470
8287 9507
8288 5753
8289 3286
8290 6003
8291 2037
8292 3280
8293 3453
8294 1166
8295 4798
8296 2858
8297 8829
8298 3641
8299 8146
8300 716
8301 6706
8302 2051
8303 887
8304 2990
8305 5234
8306 1112
8307 3460
8308 8911
8309 8627
8310 7075
8311 3062
8312 2760
8313 3485
8314 2133
8315 4701
8316 3186
8317 1925
8318 4600
8319 8836
8320 965
8321 9451
8322 214
8323 1973
8324 6511
8325 1283
8326 5082
8327 4378
8328 9792
8329 477
8330 4164
8331 4018
8332 1220
8333 2500
8334 5963
8335 3878
8336 6421
8337 2316
8338 2689
8339 5301
8340 9925
8341 6389
8342 3610
8343 6081
8344 6842
8345 9032
8346 7124
8347 6445
8348 135
8349 5138
8350 4187
8351 4301
8352 118
8353 5741
8354 451
8355 7989
8356 1089
8357 4139
8358 8269
8359 1943
8360 5617
8361 4629
8362 998
8363 3247
8364 6826
8365 5458
8366 2431
8367 2663
8368 3313
8369 9041
8370 1345
8371 9436
8372 4573
8373 3115
8374 2595
8375 2962
8376 3248
8377 8818
8378 1556
8379 3754
8380 461
8381 5419
8382 2489
8383 6037
8384 4547
8385 1188
8386 8970
8387 298
8388 3069
8389 3970
8390 3333
8391 4384
8392 6039
8393 9219
8394 9254
8395 3405
8396 7230
8397 2243
8398 8078
8399 984
8400 781
8401 4519
8402 4502
8403 513
8404 7680
8405 8904
8406 7982
8407 3229
8408 8620
8409 2939
8410 3471
8411 7905
8412 7973
8413 1783
8414 1776
8415 9446
8416 3558
8417 4861
8418 4541
8419 9375
8420 7873
8421 9755
8422 4538
8423 1469
8424 4796
8425 9198
8426 2310
8427 6158
8428 4516
8429 6945
8430 3502
8431 70
8432 3254
8433 9443
8434 6290
8435 2927
8436 4903
8437 1559
8438 5613
8439 4779
8440 6803
8441 4355
8442 5103
8443 638
8444 8002
8445 5810
8446 5215
8447 4212
8448 6691
8449 3682
8450 8755
8451 9885
8452 9935
8453 9802
8454 7737
8455 8351
8456 7602
8457 7846
8458 3196
8459 7859
8460 2638
8461 5882
8462 1450
8463 4059
8464 5668
8465 424
8466 1070
8467 6457
8468 3864
8469 4127
8470 3275
8471 3461
8472 5696
8473 3667
8474 401
8475 1628
8476 5299
8477 2207
8478 8122
8479 6066
8480 7854
8481 6445
8482 2251
8483 8609
8484 2696
8485 4201
8486 9488
8487 965
8488 2605
8489 4856
8490 7186
8491 9834
8492 9545
8493 5593
8494 612
8495 3362
8496 1119
8497 3608
8498 3784
8499 7103
8500 699
8501 78
8502 845
8503 6199
8504 7574
8505 2603
8506 2511
8507 8956
8508 8280
8509 3910
8510 301
8511 7103
8512 9851
8514 7359
8515 3966
8516 6192
8517 8022
8518 9640
8519 5701
8520 3103
8521 784
8522 5856
8523 5798
8524 7217
8525 9216
8526 3370
8527 5883
8528 3896
8529 6298
8530 3795
8531 2939
8532 3729
8533 4027
8534 9799
8535 8217
8536 290
8537 3016
8538 9712
8539 7369
8540 2853
8541 5252
8542 5480
8543 3595
8544 5114
8545 8844
8546 6090
8547 5894
8548 3018
8549 1589
8550 2922
8551 8038
8552 143
8553 9439
8554 7958
8555 8994
8556 4466
8557 6788
8558 4915
8559 1181
8560 2419
8561 4099
8562 8758
8563 2010
8564 910
8565 599
8566 1420
8567 4615
8568 7716
8569 1686
8570 888
8571 9046
8572 7031
8573 1383
8574 3077
8575 676
8576 8257
8577 3315
8578 8912
8579 1560
8580 8088
8581 505
8582 9834
8583 5522
8584 1094
8585 1086
8586 7150
8587 4580
8588 3195
8589 1266
8590 3377
8591 9560
8592 844
8593 5549
8594 901
8595 7761
8596 9939
8597 9612
8598 337
8599 6045
8600 9575
8601 2164
8602 822
8603 2079
8604 2463
8605 2833
8606 6670
8607 4786
8608 8955
8609 8483
8610 615
8611 4273
8612 878
8613 3600
8614 2397
8615 1024
8616 1304
8617 5705
8618 1314
8619 7605
8620 9632
8621 7623
8622 9798
8624 3080
8625 4199
8626 2576
8627 4552
8628 8183
8629 7023
8630 6140
8631 3894
8632 471
8633 7333
8634 1398
8635 7508
8636 1887
8637 428
8638 4315
8639 9583
8640 7998
8641 5995
8642 6517
8643 5313
8644 2066
8645 2252
8646 2355
8647 2405
8648 2517
8649 5544
8650 1982
8651 3044
8652 5089
8653 6371
8654 5072
8655 7125
8656 9439
8657 4619
8658 2136
8659 8672
8660 5502
8661 8084
8662 7815
8663 3891
8664 3734
8665 3510
8666 4607
8667 2499
8668 1215
8669 6786
8670 3284
8671 2116
8672 8659
8673 6390
8674 9913
8675 267
8676 9547
8677 8099
8678 3010
8679 5746
8680 6190
8681 3731
8682 1659
8683 423
8684 9728
8685 1057
8686 481
8687 982
8688 5732
8689 5166
8690 7621
8691 1358
8692 9894
8693 7191
8694 3589
8695 6590
8696 1246
8697 3203
8698 1721
8699 7387
8700 3358
8701 9588
8702 966
8703 1908
8704 4727
8705 8939
8706 2243
8707 994
8708 1153
8709 6674
8710 8739
8711 5320
8712 2317
8713 7726
8714 7667
8715 9627
8716 1946
8717 4809
8718 5600
8719 6432
8720 8881
8721 7569
8722 5099
8723 3809
8724 6737
8725 8855
8726 8681
8727 6281
8728 4010
8729 2620
8730 4040
8731 1804
8732 8093
8733 8985
8734 8735
8735 8971
8736 8503
8737 2423
8738 8236
8739 5544
8740 5336
8742 213
8743 7015
8744 8796
8745 1137
8746 9378
8747 1947
8748 8158
8749 8512
8750 1804
8751 4118
8752 8156
8753 9986
8754 2652
8755 4154
8756 3675
8757 7107
8758 4599
8759 8391
8760 3392
8761 8554
8762 8616
8763 8989
8764 1791
8765 9690
8766 540
8767 3212
8768 2685
8769 2714
8770 2636
8771 967
8772 4800
8773 1474
8774 9246
8775 3056
8776 564
8777 564
8778 2827
8779 64
8780 3724
8781 4150
8782 6591
8783 4700
8784 8187
8785 423
8786 2790
8787 917
8788 1589
8789 224
8790 5961
8791 4754
8792 3231
8793 7227
8794 91
8795 5816
8796 2267
8797 2963
8798 6394
8799 1504
8800 1665
8801 3737
8802 6318
8803 8061
8804 8062
8805 823
8806 602
8807 3358
8808 4924
8809 984
8810 466
8811 1219
8812 8909
8813 4836
8814 8598
8815 7889
8816 1056
8817 5439
8818 8377
8819 5304
8820 4204
8821 144
8822 6273
8823 5595
8824 9605
8825 6445
8826 4994
8827 7573
8828 5554
8829 6251
8830 1408
8831 4692
8832 6177
8833 8881
8834 5785
8835 45
8836 8319
8837 6384
8838 9435
8839 3452
8841 5995
8842 3539
8843 2223
8844 7363
8845 9605
8846 8874
8847 1948
8848 6375
8849 2478
8850 887
8851 985
8852 8633
8853 9209
8854 6969
8855 9136
8856 3591
8857 9691
8858 8983
8859 2682
8860 6461
8861 4238
8862 4579
8863 7995
8864 1665
8865 2661
8866 5966
8867 3761
8868 116
8869 2650
8870 5928
8871 2942
8872 631
8873 2777
8874 4765
8875 7751
8876 8723
8877 7552
8878 288
8879 135
8880 2176
8881 8833
8882 537
8883 3936
8884 1774
8885 3661
8886 4818
8887 6401
8888 5576
8889 5828
8890 428
8891 1672
8892 6331
8893 5089
8894 9138
8895 8951
8896 7730
8897 6555
8898 4026
8899 1209
8900 137
8901 3705
8902 8021
8903 352
8904 8405
8905 338
8906 4457
8907 565
8908 6986
8909 8812
8910 7417
8911 8308
8912 7066
8913 8162
8914 1174
8916 111
8917 1583
8918 9773
8919 1663
8920 2089
8921 9325
8922 3707
8923 4654
8924 5003
8925 9281
8926 2850
8927 1187
8928 983
8929 8287
8930 7873
8931 7623
8932 7117
8933 3072
8934 8068
8935 6239
8936 2235
8937 6603
8938 9684
8939 8705
8940 2922
8941 8140
8942 2237
8943 5000
8944 4960
8945 8160
8946 9412
8947 6903
8948 8159
8949 5536
8950 8313
8951 1497
8952 2429
8953 4199
8954 4115
8955 623
8956 7234
8957 3430
8958 30
8959 5925
8960 867
8961 3150
8962 8209
8963 8549
8964 4827
8965 9292
8965 9292
8966 2004
8967 7548
8968 7678
8969 405
8970 3568
8971 9871
8972 9321
8973 4759
8974 3283
8975 6922
8976 9641
8977 8504
8978 7124
8979 86
8980 4639
8981 5408
8982 9297
8983 9425
8984 2125
8985 8025
8986 9529
8987 9258
8988 9277
8989 8763
8990 7484
8991 1546
8992 5747
8993 2222
8994 8555
8995 6106
8996 9394
8997 8372
8998 8153
8999 4971
9000 2189
9001 4501
9002 3405
9003 2398
9004 5804
9005 508
9006 6591
9007 330
9008 4227
9009 384
9010 2834
9011 437
9012 2412
9013 4330
9014 1012
9015 3623
9016 1035
9017 2684
9018 431
9019 7828
9020 8416
9021 5566
9022 7961
9023 4761
9024 406
9025 4774
9026 4361
9027 2401
9028 1236
9029 1656
9030 9129
9031 4603
9032 8345
9033 2890
9034 9701
9035 6777
9036 2876
9037 9990
9038 3639
9039 2332
9040 1673
9041 5367
9042 3194
9043 3919
9044 8534
9045 8994
9046 8571
9047 3975
9048 3245
9049 6876
9050 9964
9051 7815
9052 3167
9053 805
9054 9223
9055 8029
9056 2543
9057 1134
9058 6001
9059 1631
9060 3280
9061 9927
9062 7245
9063 9627
9064 3438
9065 6936
9066 4777
9067 547
9068 4292
9069 2375
9070 5486
9071 7336
9072 4004
9073 9500
9074 418
9075 3994
9076 4868
9077 7727
9078 1227
9079 1744
9080 3347
9081 2301
9082 8855
9083 3864
9084 355
9085 2269
9086 9934
9087 9940
9088 6147
9089 14
9090 141
9091 1711
9092 837
9093 8424
9094 7940
9095 9035
9096 9243
9097 7324
9098 5136
9099 6007
9100 1909
9101 8563
9102 4353
9103 5169
9104 9627
9105 1969
9106 4051
9107 5959
9108 8075
9109 324
9110 1616
9111 3658
9112 727
9113 3486
9114 9175
9115 1763
9116 9470
9117 6971
9118 2794
9119 3561
9120 587
9121 5329
9122 2430
9123 7019
9124 9554
9125 8965
9126 5318
9127 173
9128 460
9129 3991
9130 1493
9131 6037
9132 2989
9133 7899
9134 6410
9135 4727
9136 8855
9137 7810
9138 8894
9139 3926
9140 817
9141 9962
9142 9463
9143 6582
9144 9069
9145 4606
9146 4945
9147 6681
9148 356
9149 8887
9150 2427
9152 6348
9153 1131
9154 584
9155 7927
9156 399
9157 6341
9158 9513
9159 7401
9160 6598
9161 5928
9162 6484
9163 8557
9164 7022
9165 4796
9166 4299
9167 4798
9168 1266
9169 9085
9170 8090
9171 1001
9172 4269
9173 417
9174 9910
9175 4267
9176 7415
9177 9657
9178 1276
9179 7066
9180 2576
9181 2498
9182 1022
9183 1973
9184 1054
9185 6957
9186 8288
9187 9329
9188 6385
9189 9529
9190 4800
9191 2018
9192 25
9193 3902
9194 4374
9195 1322
9196 9100
9197 445
9198 8425
9199 4608
9200 8094
9201 4721
9202 3037
9203 8931
9204 4500
9205 5475
9206 3869
9207 6209
9208 2418
9209 8853
9210 3171
9211 839
9212 6087
9213 5672
9214 9360
9215 8848
9216 3557
9217 727
9218 7840
9219 5794
9220 8830
9221 7734
9222 9744
9223 6740
9224 1186
9225 6019
9226 998
9227 9990
9228 9470
9229 2317
9230 8054
9231 5808
9232 8851
9233 947
9234 7594
9235 5703
9236 1972
9237 7088
9238 7813
9239 6101
9240 4239
9241 8976
9242 8440
9243 9096
9244 1888
9245 5530
9246 8774
9247 626
9248 7251
9249 5114
9250 5454
9251 4976
9252 6706
9253 1328
9254 683
9255 9992
9256 7776
9257 1049
9258 8987
9259 5936
9260 5023
9261 4871
9262 9733
9263 7815
9264 7440
9265 9317
9266 7052
9267 555
9268 8038
9269 1519
9270 5900
9271 1479
9272 3148
9273 4917
9274 1964
9275 1855
9276 7897
9277 8597
9278 9607
9279 8078
9280 1869
9281 3953
9282 994
9283 2246
9284 1943
9285 5476
9286 391
9287 7141
9288 1961
9289 8232
9290 7566
9291 2237
9293 3599
9294 6323
9295 1853
9296 6364
9297 4899
9298 160
9299 3033
9300 8964
9301 8168
9302 9685
9303 1859
9304 5382
9305 1743
9306 6074
9307 7289
9308 9234
9309 9399
9310 6160
9311 897
9312 7970
9313 9483
9314 1381
9315 4966
9316 9841
9317 9265
9318 4398
9319 6225
9320 1664
9321 5483
9322 7376
9323 7935
9324 8181
9325 8921
9326 6943
9327 5436
9328 4846
9329 5087
9330 5714
9331 6922
9332 1906
9333 1383
9334 2952
9335 9765
9336 9989
9337 7145
9338 1410
9339 9288
9340 4616
9341 427
9342 5123
9343 7931
9344 2127
9345 2985
9346 2227
9347 7389
9348 5576
9349 6428
9350 4013
9351 5929
9352 2489
9353 9159
9354 386
9355 2478
9356 723
9357 5338
9358 5385
9359 8859
9360 6004
9361 2892
9362 7529
9363 7666
9364 1968
9365 427
9366 6839
9367 6136
9368 810
9369 4926
9370 1778
9371 1929
9372 623
9373 2991
9374 5914
9375 8419
9376 3406
9377 1555
9378 2447
9379 1630
9380 3184
9381 5111
9382 2194
9383 7232
9384 113
9385 5948
9386 7504
9387 356
9388 2364
9389 9959
9390 3449
9391 4466
9392 213
9393 7065
9394 8996
9395 4602
9396 9224
9397 7605
9398 978
9399 3996
9401 4736
9402 6156
9403 1122
9404 4004
9405 5044
9406 4231
9407 5434
9408 8606
9409 7419
9410 3548
9411 3013
9412 7985
9413 4084
9414 6100
9415 2244
9416 305
9417 8406
9418 9011
9419 720
9420 1234
9421 6463
9422 9891
9423 9430
9424 7583
9425 8983
9426 1804
9427 1952
9428 2920
9429 6498
9430 7432
9432 4655
9433 1883
9434 7928
9435 4599
9436 2302
9437 6622
9438 4062
9439 151
9440 3229
9441 7884
9442 1532
9443 8433
9444 5304
9445 5818
9446 8046
9447 8969
9448 3827
9449 5765
9450 2749
9451 8321
9452 9989
9453 3227
9454 2118
9455 2579
9456 7994
9457 6405
9458 6828
9459 6194
9460 1752
9461 3762
9462 2791
9463 730
9464 6832
9465 3147
9466 4994
9467 2628
9468 6978
9469 8568
9470 7582
9471 2147
9472 9911
9473 6048
9474 6939
9475 4920
9476 4996
9477 5567
9478 4867
9479 1124
9480 4198
9481 2650
9482 3333
9483 3311
9484 7408
9485 6105
9486 4531
9487 5922
9488 2405
9489 7471
9490 4177
9491 7856
9492 3732
9493 8771
9494 9608
9495 4582
9496 2403
9497 63
9498 7337
9499 650
9500 9073
9501 4374
9502 9104
9503 9913
9504 9845
9505 6819
9506 8672
9507 181
9508 8552
9509 2848
9510 2021
9511 6421
9512 5707
9513 3202
9514 4946
9515 9647
9516 1560
9517 7086
9518 4359
9519 2795
9520 7209
9521 3126
9522 9561
9523 6792
9524 3353
9525 3184
9526 7211
9527 6100
9528 1774
9529 97
9530 6241
9531 8434
9532 107
9533 9755
9534 2545
9535 3874
9536 6697
9537 194
9538 4560
9539 9200
9540 635
9541 4724
9542 7498
9543 4571
9544 3231
9545 8492
9546 319
9547 5351
9548 3408
9549 3875
9550 8558
9551 6379
9552 3121
9553 390
9554 8941
9555 4104
9556 5320
9557 1189
9558 2908
9559 451
9560 3111
9561 2918
9562 141
9563 6982
9564 6333
9565 8476
9566 8782
9567 5549
9568 3436
9569 2003
9570 7362
9571 3156
9572 5455
9573 2483
9574 5498
9575 9586
9576 8104
9577 5544
9578 5241
9579 7965
9580 5925
9581 5217
9582 3652
9583 5665
9584 173
9585 1069
9586 9575
9587 7383
9588 8701
9589 3050
9591 1678
9592 8472
9593 4035
9594 8014
9595 7192
9596 3004
9597 632
9598 7927
9599 855
9600 5276
9601 5176
9602 6610
9603 799
9604 8564
9605 7865
9606 4413
9607 9906
9608 3653
9609 1044
9610 9547
9611 3522
9612 3968
9613 6867
9614 6934
9615 6552
9616 2005
9617 6550
9618 9264
9619 608
9621 2257
9622 203
9623 812
9624 2848
9625 5035
9626 3470
9627 9104
9628 5664
9629 5831
9630 6142
9631 5805
9632 1247
9633 287
9634 1899
9635 3587
9636 3780
9637 5195
9638 4101
9639 1845
9640 8518
9641 5876
9642 5424
9643 5773
9644 3571
9645 3442
9646 3564
9647 9515
9648 1988
9649 4557
9650 3845
9651 3436
9652 7838
9653 2850
9654 8300
9655 4752
9656 1881
9657 9177
9658 670
9659 2245
9660 7051
9661 1265
9662 3762
9663 917
9664 9216
9665 3476
9666 3228
9667 2948
9668 5437
9669 4450
9670 7667
9671 7085
9672 1097
9673 1038
9674 4911
9675 1126
9676 1022
9677 2974
9678 6962
9679 1443
9680 522
9681 85
9682 3561
9683 7782
9684 8938
9685 9302
9686 5589
9687 719
9688 7932
9689 1181
9690 8765
9691 5600
9692 2642
9693 4828
9694 491
9695 6241
9696 636
9697 1872
9698 6412
9699 4502
9700 3188
9701 6243
9702 4761
9703 2365
9704 5547
9705 7398
9706 713
9707 2420
9708 5329
9709 4488
9710 4542
9711 9332
9712 9584
9713 4798
9714 2336
9715 8028
9716 6055
9717 4186
9718 2256
9719 5206
9720 4759
9721 7936
9722 9922
9723 412
9724 5578
9725 6375
9726 5226
9727 5571
9728 8684
9729 1561
9730 3498
9731 1187
9732 9712
9733 9913
9734 4230
9735 8026
9736 3883
9737 8252
9738 7799
9739 4389
9740 6721
9741 7227
9742 6935
9743 3038
9744 2249
9745 6046
9746 7412
9747 7389
9748 2225
9749 5787
9750 4571
9751 6462
9752 4035
9753 2636
9754 6245
9755 8421
9756 4613
9757 1969
9758 2224
9759 4502
9760 6318
9761 3109
9762 2027
9763 644
9764 4894
9765 6305
9766 7039
9767 3546
9768 5662
9769 2179
9770 5223
9771 7717
9772 8156
9773 8918
9774 9861
9775 7390
9776 1015
9777 5022
9778 2684
9779 4750
9780 3205
9781 1305
9782 346
9783 2067
9784 5812
9785 1364
9786 6037
9787 8212
9788 8043
9789 6706
9790 4634
9791 6898
9792 8328
9793 433
9794 5568
9795 2605
9796 355
9797 8151
9798 8622
9799 8534
9800 3378
9801 9560
9802 8453
9803 3302
9804 5998
9805 1357
9806 6557
9807 7019
9808 4977
9809 158
9810 5743
9811 6069
9812 7931
9813 4974
9814 5989
9815 2210
9816 4417
9817 6137
9818 1861
9819 3048
9820 4856
9821 1350
9822 6637
9823 821
9824 1752
9825 7911
9826 6342
9827 2786
9828 6602
9829 4817
9831 3031
9832 3475
9833 60
9834 3928
9835 488
9836 5155
9837 4676
9838 5971
9839 2223
9840 5156
9841 5951
9842 1326
9843 6343
9844 8227
9845 3294
9846 7966
9847 5027
9848 2171
9849 3041
9850 8042
9851 8512
9852 2670
9853 1359
9854 7608
9855 4316
9856 51
9857 8532
9858 8829
9859 714
9860 3083
9861 9774
9862 1329
9863 200
9864 4047
9865 5466
9866 9812
9867 7684
9868 9561
9869 8169
9870 186
9871 173
9872 5264
9873 1637
9874 6972
9875 5362
9876 2972
9877 3039
9878 4947
9879 3133
9880 3167
9881 7988
9882 1795
9883 7057
9884 577
9885 3080
9886 2153
9887 3319
9888 6791
9889 8319
9890 4367
9891 9422
9892 9805
9893 5364
9894 8692
9895 4417
9896 786
9897 5601
9898 7988
9899 4458
9900 5468
9901 6205
9902 1234
9903 9321
9904 3427
9905 523
9906 7262
9907 2810
9908 8699
9909 7547
9910 8423
9911 9472
9912 9209
9913 1791
9914 3054
9915 3721
9916 8445
9917 4479
9918 1308
9919 4765
9920 2445
9921 6921
9922 9722
9923 2468
9924 7865
9925 5585
9926 8156
9927 9061
9928 1724
9929 1113
9930 8688
9931 1435
9932 236
9933 994
9934 1603
9935 8976
9936 4060
9937 1643
9938 7543
9939 8596
9940 9087
9942 1205
9943 1733
9944 6952
9945 4856
9946 2584
9947 1589
9948 1099
9949 7324
9950 1144
9951 2316
9952 8705
9953 1806
9954 6277
9955 9583
9956 8001
9957 4117
9958 6111
9959 9389
9960 4404
9961 6692
9962 9141
9963 7912
9964 2437
9965 6791
9966 7735
9967 759
9968 2535
9969 1967
9970 3890
9971 1243
9972 7041
9973 6555
9974 6245
9975 1841
9976 5085
9977 1112
9978 1113
9979 4526
9980 8084
9981 3128
9982 404
9983 7511
9984 6698
9985 6798
9986 6194
9987 3372
9988 2639
9989 6544
9990 1254
9991 8303
9992 9255
9993 8080
9994 8597
9995 9698
9996 4089
9997 1182
9998 2398
9999 5205
