0 1356
1 2742
2 8634
3 6759
4 6814
5 2022
6 8728
7 6835
8 2922
9 6140
10 1517
11 3333
12 7634
13 1224
14 2383
15 8489
16 1201
17 7747
18 7428
19 6428
20 8571
21 8386
22 7373
23 7186
24 1094
25 4322
26 877
27 6205
28 5685
29 3260
30 5930
31 8585
32 5268
33 5661
34 3953
35 1956
36 901
37 1576
38 176
39 605
40 7382
41 3861
42 7585
43 3802
44 7127
45 6971
46 4480
47 3751
48 2933
49 65
50 8801
51 8493
52 2297
53 4807
54 6926
55 6435
56 9139
57 614
58 6085
59 8632
60 4435
61 4519
62 5905
63 684
64 1656
65 1010
66 3985
67 4434
68 2899
69 5878
70 364
71 630
72 1721
73 2613
74 75
75 74
76 7522
77 9198
78 203
79 7920
80 7355
81 7926
82 6282
83 3682
84 1739
85 8115
86 1705
87 593
88 3717
89 3484
90 6300
91 2766
92 9114
93 9151
94 2560
95 111
96 7416
97 7969
98 3567
99 2910
100 7416
101 1037
102 2944
103 51
104 4460
105 4470
106 1306
107 2318
108 180
109 6208
110 8173
111 95
112 3070
113 4913
114 1588
115 6769
116 4751
117 5595
118 5271
119 6845
120 5635
121 7516
122 5103
123 2846
124 8935
125 4671
126 289
127 1308
128 7335
129 2581
130 7096
131 7463
132 807
133 2738
134 7951
135 1372
136 1708
137 9125
138 2655
139 4839
140 5355
141 6149
142 1738
143 415
144 572
145 3991
146 8017
147 3973
148 4848
149 5253
150 3344
151 3338
152 4314
153 3010
154 5927
155 3881
156 6838
157 8030
158 6790
159 8365
160 6499
161 6926
162 634
163 193
164 3540
165 4930
166 4920
167 2820
168 3814
169 7713
170 310
171 635
172 9261
173 7599
174 8412
175 2045
176 7715
177 329
178 542
179 3705
180 8029
181 558
182 4185
183 5875
184 309
185 693
186 4636
187 1333
188 7330
189 6894
190 2975
191 6660
192 6164
193 7101
194 4554
195 4694
196 705
197 380
198 8163
199 630
200 9145
201 5402
202 6892
203 78
204 8506
205 1704
206 179
207 7406
208 8131
209 213
210 2298
211 360
212 8635
213 209
214 373
215 4418
216 1447
217 15
218 2944
219 4070
220 1042
221 1458
222 7658
223 629
224 8025
225 1749
226 1232
227 8366
228 3971
229 7499
230 6720
231 618
232 6108
233 8359
234 4691
235 7732
236 5285
237 8814
238 5809
239 4105
240 2972
241 5323
242 3002
243 8045
244 6807
245 7605
246 707
247 5631
248 3641
249 9010
250 2381
251 3951
252 2268
253 3003
254 1511
255 4541
256 3123
257 5361
258 7419
259 353
260 7387
261 2512
262 8472
263 6100
264 6415
265 5374
266 670
267 7157
268 293
269 2534
270 8839
271 6136
272 793
273 8449
274 307
275 6025
276 1569
277 6572
278 4659
279 4208
280 8355
281 4486
282 4552
283 2457
284 29
285 6728
286 293
287 914
288 266
289 3014
290 8291
291 550
292 4980
293 268
294 758
295 840
296 8496
297 512
298 6806
299 3832
300 190
301 149
302 7581
303 8760
304 8939
305 4536
306 437
307 5587
308 683
309 184
310 170
311 4232
312 1851
313 7107
314 558
315 7524
316 1903
317 3594
318 2161
319 7609
320 6222
321 7511
322 4669
323 4688
324 5588
325 323
326 9041
327 6588
328 2212
329 4578
330 8527
331 1190
332 3743
333 332
334 2932
335 764
336 4406
337 2322
338 8212
339 705
340 2048
341 3735
342 7897
343 3678
344 5006
345 6094
346 8629
347 3307
348 4862
349 5832
350 7747
351 9002
352 2576
353 259
354 7729
355 829
356 2372
357 3825
358 7432
359 1413
360 8900
361 2369
362 2827
363 2291
364 8830
365 7226
366 8882
367 1123
368 7928
369 8711
370 4370
371 164
372 7959
373 6739
374 6068
375 7844
376 2951
377 1613
378 8975
379 6793
380 197
381 2137
382 383
383 9136
384 3016
385 8303
386 7165
387 3174
388 8591
389 7610
390 8746
391 5978
392 5630
393 8505
394 5775
395 3214
396 615
397 3457
398 9068
399 2414
400 2380
401 8129
402 2157
403 629
404 3957
405 902
406 1080
407 8301
408 8134
409 8255
410 1701
411 813
412 8226
413 825
414 5990
415 143
416 7927
417 3996
418 3559
419 2944
420 8302
421 1941
422 267
423 1023
424 763
425 6484
426 2815
427 7569
428 5851
429 4519
430 3637
431 466
432 3116
433 8535
434 953
435 8330
436 7949
437 2918
438 7196
439 7186
440 977
441 3118
442 3296
443 682
444 5381
445 9271
446 2721
447 3103
448 505
449 471
450 5275
451 3148
452 3253
453 7865
454 3030
455 6784
456 5698
457 4568
458 2173
459 6582
460 6954
461 6559
462 6617
463 5326
464 3030
465 6943
466 1484
467 1826
468 5852
469 5399
470 2541
471 3993
472 5816
473 5809
474 4721
475 4456
476 8253
477 8630
478 4973
479 7682
480 5994
481 1597
482 1764
483 4094
484 1866
485 5875
486 8010
487 4650
488 523
489 3352
490 6022
491 7790
492 6831
493 7331
494 729
495 8219
496 6883
497 7219
498 816
499 5022
500 6863
501 3524
502 5581
503 7825
504 7560
505 448
506 6876
507 6784
508 5238
509 1651
510 3697
511 4495
512 297
513 4631
514 3501
515 5424
516 4884
517 854
518 2510
519 8496
520 5034
521 1769
522 1893
523 3484
524 9080
525 8013
526 3600
527 73
528 3089
529 699
530 2336
531 7432
532 5478
533 2195
534 1386
535 343
536 7583
537 5655
538 6573
539 556
540 947
541 3455
542 178
543 7969
544 8155
545 3492
546 5378
547 7129
548 7254
549 5621
550 1462
551 5552
552 1428
553 1012
554 3459
555 173
556 639
557 3556
558 8981
559 5552
560 8278
561 3739
562 1888
563 4430
564 643
565 7836
566 4294
567 2990
568 5922
569 7108
570 7000
571 7025
572 4285
573 9079
574 2210
575 9150
576 4616
577 2081
578 576
579 6184
580 7628
581 1615
582 4328
583 8663
584 4758
585 8493
586 5229
587 6892
588 8738
589 8817
590 4492
591 4462
592 8981
593 87
594 7009
595 1835
596 739
597 7848
598 4617
599 7741
600 5776
601 3532
602 619
603 5510
604 2456
605 8667
606 9089
607 3694
608 9066
609 2065
610 5552
611 5723
612 7828
613 6571
614 3602
615 7007
616 3097
617 3912
618 231
619 8158
620 4050
621 7835
622 5585
623 3299
624 639
625 6284
626 7535
627 5218
628 2784
629 777
630 1945
631 7311
632 5071
633 5962
634 2844
635 760
636 6711
637 1031
638 4455
639 6892
640 4835
641 6538
642 3980
643 8533
644 6086
645 1060
646 1040
647 4844
648 7693
649 8915
650 806
651 1326
652 3195
653 5586
654 2632
655 3374
656 8728
657 885
658 7887
659 6556
660 659
661 2851
662 663
663 7680
664 9058
665 3224
666 4055
667 684
668 6502
669 4197
670 2217
671 5956
672 8130
673 6675
674 2348
675 4087
676 8023
677 2188
678 2808
679 6695
680 844
681 7286
682 7721
683 788
684 63
685 2809
686 689
687 3594
688 6136
689 686
690 3916
691 1280
692 1435
693 7226
694 2952
695 4498
696 2441
697 7021
698 701
699 1362
700 7119
701 4982
702 1276
703 6657
704 709
705 7645
706 1861
707 4050
708 2264
709 6047
710 3327
711 2971
712 8493
713 1652
714 6956
715 6969
716 471
717 4007
718 8878
719 1494
720 7825
721 5716
722 7623
723 2569
724 3135
725 550
726 1459
727 1119
728 6372
729 494
730 8846
731 3994
732 3087
733 5759
734 9283
735 4618
736 737
737 736
738 309
739 5400
740 4616
741 6136
742 6201
743 8742
744 3386
745 5014
746 6025
747 1739
748 7959
749 630
750 5248
751 1634
752 5569
753 2413
754 3391
755 6519
756 932
757 5434
758 1959
759 7700
760 635
761 3179
762 7368
763 2525
764 335
765 66
766 1626
767 4929
768 533
769 3922
770 5579
771 2507
772 6866
773 5318
774 8864
775 1729
776 200
777 2740
778 4751
779 1844
780 3236
781 6692
782 7554
783 5297
784 8897
785 1019
786 1393
787 8321
788 683
789 1788
790 2587
791 8168
792 3106
793 272
794 5127
795 2521
796 9282
797 3077
798 5774
799 887
800 5504
801 1847
802 8134
803 9031
804 1692
805 2966
806 650
807 1645
808 7605
809 1741
810 2348
811 3966
812 6575
813 5190
814 8235
815 2357
816 3601
817 6487
818 7390
819 6067
820 6642
821 6165
822 310
823 5818
824 1769
825 8450
826 5960
827 6085
828 7827
829 6849
830 1301
831 267
832 8757
833 3229
834 4203
835 8355
836 7980
837 878
838 3813
839 4209
840 1398
841 3173
842 5050
843 5357
844 8184
845 414
846 3226
847 8177
848 853
849 7956
850 5761
851 5455
852 4459
853 4257
854 517
855 4156
856 8887
857 4300
858 120
859 5489
860 3966
861 986
862 1387
863 2321
864 3977
865 6842
866 6022
867 2716
868 2762
869 6275
870 8246
871 3216
872 8891
873 2534
874 6909
875 6936
876 8139
877 8088
878 879
879 8734
880 6068
881 2489
882 4336
883 7084
884 6807
885 657
886 6206
887 799
888 4825
889 1933
890 4684
891 4127
892 7199
893 3979
894 2246
895 6012
896 5098
897 4511
898 6858
899 3612
900 2534
901 6779
902 405
903 1515
904 6836
905 772
906 5326
907 5832
908 5051
909 1516
910 200
911 6657
912 4440
913 4412
914 287
915 829
916 5886
917 4903
918 1073
919 1511
920 2080
921 2460
922 8739
923 1511
924 2965
925 9198
926 7121
927 575
928 7687
929 5105
930 520
931 1396
932 8174
933 4652
934 7522
935 8235
936 5251
937 1951
938 2922
939 8969
940 7646
941 7127
942 1455
943 8351
944 1611
945 5131
946 4385
947 6583
948 3906
949 5580
950 8969
951 5984
952 7860
953 3071
954 7731
955 4864
956 3494
957 6301
958 9276
959 632
960 143
961 5515
962 8102
963 5745
964 2873
965 4300
966 3257
967 3744
968 6151
969 1150
970 5268
971 5587
972 5725
973 746
974 6876
975 964
976 5382
977 8339
978 5708
979 7010
980 2754
981 2083
982 8632
983 1265
984 6200
985 7999
986 861
987 7299
988 5069
989 1286
990 7980
991 4968
992 3135
993 9112
994 1796
995 3429
996 8380
997 5917
998 8910
999 3662
1000 9083
1001 4440
1002 8250
1003 8490
1004 7875
1005 2800
1006 2003
1007 5981
1008 4091
1009 7132
1010 65
1011 2618
1012 553
1013 1456
1014 4868
1015 4433
1016 851
1017 1733
1018 1025
1019 785
1020 5434
1021 639
1022 8860
1023 2181
1024 6046
1025 87
1026 7046
1027 8431
1028 3907
1029 173
1030 3473
1031 8391
1032 8361
1033 1276
1034 1668
1035 4615
1036 8668
1037 101
1038 6040
1039 8531
1040 6837
1041 8088
1042 5311
1043 1728
1044 3116
1045 7582
1046 1282
1047 8529
1048 1576
1049 1831
1050 8740
1051 1189
1052 8958
1053 7390
1054 3881
1055 5206
1056 1247
1057 8789
1058 7622
1059 4862
1060 8242
1061 5193
1062 9149
1063 4519
1064 5372
1065 5759
1066 4587
1067 6938
1068 7251
1069 1657
1070 8643
1071 4740
1072 7981
1073 4430
1074 2410
1075 7182
1076 1946
1077 6549
1078 7892
1079 4107
1080 8996
1081 6196
1082 1086
1083 4009
1084 2509
1085 6703
1086 5443
1087 4568
1088 1747
1089 1130
1090 7522
1091 1826
1092 5069
1093 8762
1094 2344
1095 2124
1096 6038
1097 6951
1098 7900
1099 5987
1100 766
1101 1614
1102 2002
1103 2163
1104 7335
1105 7851
1106 4650
1107 8170
1108 2412
1109 9006
1110 3105
1111 2235
1112 3848
1113 6597
1114 3014
1115 1918
1116 330
1117 1924
1118 7132
1119 6495
1120 3054
1121 1586
1122 7079
1123 8272
1124 9284
1125 7785
1126 4411
1127 4291
1128 1537
1129 1130
1130 4928
1131 6299
1132 8586
1133 3033
1134 5070
1135 510
1136 7880
1137 3871
1138 1690
1139 4041
1140 313
1141 4283
1142 2746
1143 6469
1144 2373
1145 5968
1146 6357
1147 4428
1148 7778
1149 9132
1150 969
1151 2104
1152 4784
1153 2281
1154 8693
1155 5915
1156 8667
1157 2441
1158 7554
1159 3713
1160 3490
1161 6719
1162 7115
1163 3743
1164 3271
1165 930
1166 6656
1167 3839
1168 8255
1169 5644
1170 6389
1171 6011
1172 711
1173 5186
1174 6661
1175 9271
1176 971
1177 3601
1178 5960
1179 6506
1180 3363
1181 1329
1182 8187
1183 5420
1184 8908
1185 9251
1186 5524
1187 4128
1188 3248
1189 6484
1190 331
1191 6812
1192 6968
1193 1194
1194 1193
1195 6254
1196 1199
1197 5515
1198 4122
1199 7444
1200 2695
1201 5205
1202 8762
1203 3279
1204 7226
1205 1907
1206 9292
1207 5771
1208 2312
1209 4576
1210 7051
1211 8804
1212 4597
1213 2163
1214 7681
1215 2768
1216 5421
1217 7566
1218 6658
1219 7676
1220 8053
1221 5131
1222 2295
1223 8741
1224 8076
1225 148
1226 6047
1227 7285
1228 6757
1229 4179
1230 2761
1231 1941
1232 2079
1233 7957
1234 8043
1235 3908
1236 7586
1237 3072
1238 5976
1239 4379
1240 6539
1241 5446
1242 1201
1243 9195
1244 5376
1245 7959
1246 6277
1247 8051
1248 5854
1249 8749
1250 2169
1251 7660
1252 1286
1253 364
1254 1479
1255 8855
1256 7087
1257 2111
1258 7186
1259 6779
1260 7793
1261 4483
1262 4837
1263 1113
1264 9138
1265 983
1266 1271
1267 8928
1268 6255
1269 3594
1270 1934
1271 1266
1272 5462
1273 3874
1274 4558
1275 9073
1276 3069
1277 8762
1278 5128
1279 139
1280 5382
1281 2393
1282 964
1283 2777
1284 1945
1285 3720
1286 8614
1287 2380
1288 6982
1289 1679
1290 3660
1291 1505
1292 8320
1293 8373
1294 4405
1295 4387
1296 974
1297 8840
1298 6824
1299 3595
1300 1956
1301 2739
1302 2688
1303 7779
1304 3018
1305 8704
1306 7499
1307 5645
1308 3883
1309 5521
1310 2888
1311 295
1312 4653
1313 2019
1314 3665
1315 1731
1316 2851
1317 8811
1318 545
1319 6561
1320 2684
1321 5596
1322 6071
1323 5516
1324 2766
1325 8172
1326 7554
1327 1325
1328 2759
1329 1181
1330 1302
1331 3993
1332 4222
1333 187
1334 6803
1335 3892
1336 4863
1337 8448
1338 2704
1339 4926
1340 8359
1341 1846
1342 445
1343 8854
1344 4538
1345 2060
1346 2132
1347 2574
1348 7634
1349 6362
1350 1479
1351 8222
1352 3906
1353 6010
1354 1705
1355 1343
1356 4094
1357 7619
1358 3277
1359 9282
1360 9181
1361 6604
1362 9035
1363 7594
1364 2137
1365 6764
1366 6049
1367 7795
1368 696
1369 8465
1370 3719
1371 5023
1372 3386
1373 6779
1374 6600
1375 2488
1376 5821
1377 8653
1378 6098
1379 423
1380 5562
1381 6345
1382 3888
1383 6812
1384 8510
1385 8790
1386 5218
1387 862
1388 3275
1389 3912
1390 3520
1391 6650
1392 6645
1393 4853
1394 6417
1395 6755
1396 7930
1397 8639
1398 840
1399 5633
1400 4879
1401 9245
1402 799
1403 4385
1404 8967
1405 7565
1406 7552
1407 6110
1408 7084
1409 6557
1410 8225
1411 2930
1412 1290
1413 359
1414 1977
1415 5312
1416 5564
1417 8973
1418 3629
1419 5282
1420 5712
1421 8509
1422 63
1423 8582
1424 5755
1425 5591
1426 1429
1427 233
1428 4385
1429 9020
1430 8993
1431 6962
1432 1484
1433 3014
1434 4435
1435 692
1436 4196
1437 2586
1438 3713
1439 6762
1440 2141
1441 5450
1442 1343
1443 3542
1444 7693
1445 1688
1446 4858
1447 4826
1448 8813
1449 2313
1450 1546
1451 7941
1452 3365
1453 5698
1454 1469
1455 942
1456 1457
1457 1456
1458 7479
1459 726
1460 2231
1461 2077
1462 550
1463 6698
1464 4842
1465 2025
1466 8739
1467 6461
1468 5558
1469 6436
1470 5888
1471 788
1472 8471
1473 4045
1474 288
1475 1778
1476 3397
1477 6163
1478 1554
1479 1350
1480 8700
1481 6955
1482 6026
1483 2119
1484 466
1485 5624
1486 3334
1487 1488
1488 1487
1489 2753
1490 7585
1491 1493
1492 2029
1493 8614
1494 719
1495 8073
1496 5821
1497 2957
1498 8908
1499 2176
1500 8400
1501 5388
1502 5774
1503 4393
1504 7360
1505 7429
1506 3955
1507 7596
1508 7278
1509 5273
1510 7851
1511 254
1512 6951
1513 197
1514 7564
1515 4701
1516 407
1517 10
1518 692
1519 6421
1520 1718
1521 5352
1522 861
1523 7134
1524 8654
1525 9288
1526 7847
1527 8382
1528 6908
1529 6574
1530 6512
1531 4828
1532 1941
1533 3525
1534 4788
1535 2970
1536 1343
1537 5147
1538 5821
1539 7703
1540 3445
1541 7229
1542 6893
1543 9260
1544 7288
1545 8394
1546 8150
1547 1972
1548 6489
1549 1091
1550 3215
1551 6199
1552 215
1553 8086
1554 5320
1555 8066
1556 2721
1557 3240
1558 1024
1559 1340
1560 1612
1561 2206
1562 5643
1563 6792
1564 6642
1565 4032
1566 2615
1567 5883
1568 2179
1569 4846
1570 8812
1571 7676
1572 1578
1573 4803
1574 5459
1575 3664
1576 6492
1577 3649
1578 8046
1579 9026
1580 5099
1581 6314
1582 1799
1583 2129
1584 7454
1585 9280
1586 1104
1587 6894
1588 114
1589 4117
1590 2020
1591 5607
1592 7981
1593 1073
1594 5944
1595 3133
1596 7480
1597 6844
1598 7163
1599 1828
1600 3373
1601 1602
1602 1601
1603 6905
1604 7182
1605 2894
1606 2175
1607 1797
1608 5483
1609 2703
1610 3983
1611 7174
1612 391
1613 4862
1614 1101
1615 581
1616 6580
1617 6625
1618 7267
1619 1991
1620 5807
1621 7769
1622 5731
1623 1160
1624 672
1625 816
1626 7360
1627 2235
1628 7087
1629 2402
1630 6950
1631 2680
1632 1986
1633 1107
1634 751
1635 5372
1636 6049
1637 3407
1638 8227
1639 5375
1640 1969
1641 5369
1642 685
1643 9276
1644 3973
1645 402
1646 2049
1647 3920
1648 2084
1649 9191
1650 4295
1651 2130
1652 713
1653 1727
1654 2174
1655 5129
1656 2799
1657 2540
1658 816
1659 4049
1660 1024
1661 4444
1662 4528
1663 5764
1664 7139
1665 6902
1666 1664
1667 5764
1668 3729
1669 5563
1670 8456
1671 7598
1672 7804
1673 2472
1674 1536
1675 4350
1676 1406
1677 5638
1678 4578
1679 1289
1680 4371
1681 7978
1682 1585
1683 9099
1684 4804
1685 3289
1686 6862
1687 7044
1688 3496
1689 2585
1690 1138
1691 8734
1692 804
1693 2049
1694 520
1695 2319
1696 2375
1697 7016
1698 7893
1699 4862
1700 1914
1701 410
1702 3675
1703 3544
1704 205
1705 7381
1706 7016
1707 1628
1708 499
1709 3099
1710 6366
1711 2900
1712 1587
1713 4272
1714 8017
1715 7554
1716 5706
1717 1353
1718 8361
1719 2328
1720 9025
1721 9132
1722 719
1723 685
1724 6276
1725 5567
1726 3795
1727 1564
1728 1043
1729 3988
1730 5687
1731 1315
1732 1451
1733 5294
1734 7329
1735 3579
1736 7175
1737 6007
1738 142
1739 747
1740 8898
1741 1746
1742 445
1743 8019
1744 830
1745 1607
1746 7647
1747 3837
1748 7782
1749 225
1750 7333
1751 7010
1752 7099
1753 2456
1754 6237
1755 7653
1756 8978
1757 8195
1758 4440
1759 60
1760 7706
1761 6892
1762 3211
1763 4440
1764 482
1765 851
1766 6129
1767 14
1768 5305
1769 4303
1770 405
1771 9271
1772 7995
1773 4600
1774 118
1775 5115
1776 9118
1777 2129
1778 1475
1779 4007
1780 4742
1781 4693
1782 7583
1783 6468
1784 1974
1785 2716
1786 6588
1787 6365
1788 789
1789 8452
1790 7627
1791 4587
1792 8771
1793 3889
1794 9041
1795 4085
1796 3586
1797 6876
1798 2948
1799 2881
1800 799
1801 4033
1802 3958
1803 7966
1804 5307
1805 7262
1806 5229
1807 1785
1808 7604
1809 1291
1810 919
1811 5685
1812 1810
1813 1456
1814 5945
1815 9094
1816 3691
1817 7672
1818 586
1819 4428
1820 8043
1821 6238
1822 7312
1823 139
1824 3012
1825 1754
1826 3389
1827 8740
1828 5359
1829 2312
1830 1832
1831 7009
1832 1830
1833 2581
1834 8203
1835 8206
1836 1722
1837 5289
1838 8441
1839 1159
1840 6953
1841 2727
1842 2759
1843 8027
1844 3773
1845 3170
1846 1174
1847 3863
1848 7666
1849 7653
1850 5253
1851 8045
1852 1853
1853 2157
1854 9169
1855 5938
1856 7875
1857 3374
1858 2702
1859 3176
1860 1232
1861 7917
1862 5103
1863 7544
1864 1707
1865 3510
1866 2455
1867 9142
1868 7702
1869 2236
1870 8073
1871 5971
1872 1417
1873 498
1874 1912
1875 8601
1876 1175
1877 4824
1878 7108
1879 8440
1880 6431
1881 2369
1882 1090
1883 6889
1884 3396
1885 285
1886 4627
1887 6815
1888 562
1889 3904
1890 8292
1891 6941
1892 6792
1893 1846
1894 632
1895 1058
1896 8832
1897 8849
1898 2314
1899 5916
1900 6534
1901 2329
1902 7660
1903 6579
1904 164
1905 5879
1906 3260
1907 4958
1908 8372
1909 6182
1910 8376
1911 7132
1912 1874
1913 5689
1914 4348
1915 4707
1916 4348
1917 8951
1918 1115
1919 3055
1920 325
1921 6719
1922 6490
1923 1928
1924 1117
1925 8499
1926 2372
1927 9186
1928 1938
1929 3720
1930 5674
1931 4853
1932 2197
1933 8512
1934 1270
1935 2806
1936 3687
1937 469
1938 1928
1939 9124
1940 885
1941 1532
1942 2235
1943 3176
1944 954
1945 1284
1946 2096
1947 6401
1948 1854
1949 795
1950 4042
1951 5503
1952 1722
1953 7083
1954 1691
1955 932
1956 1300
1957 9275
1958 3307
1959 1223
1960 7499
1961 5645
1962 8059
1963 2118
1964 8180
1965 7362
1966 1736
1967 6581
1968 8805
1969 3963
1970 657
1971 9114
1972 8469
1973 3377
1974 332
1975 5645
1976 8368
1977 1414
1978 6539
1979 6271
1980 2753
1981 9132
1982 4222
1983 7634
1984 2163
1985 2324
1986 1632
1987 2320
1988 7910
1989 7080
1990 8504
1991 1619
1992 953
1993 649
1994 8449
1995 1560
1996 7212
1997 8729
1998 4780
1999 1348
2000 5955
2001 2235
2002 1102
2003 2626
2004 6713
2005 7532
2006 5885
2007 1918
2008 5167
2009 2985
2010 2649
2011 9086
2012 5442
2013 5731
2014 3594
2015 6771
2016 7716
2017 2393
2018 1977
2019 1313
2020 1590
2021 4553
2022 5
2023 1993
2024 5407
2025 2509
2026 8250
2027 5363
2028 1671
2029 1492
2030 4346
2031 3621
2032 8193
2033 7213
2034 173
2035 6035
2036 2469
2037 919
2038 3931
2039 6988
2040 1232
2041 840
2042 2205
2043 2060
2044 5196
2045 175
2046 3099
2047 6738
2048 8944
2049 8174
2050 5076
2051 5913
2052 5913
2053 1585
2054 2055
2055 2054
2056 5057
2057 3492
2058 6361
2059 2639
2060 8308
2061 6360
2062 2421
2063 2422
2064 2423
2065 2424
2066 9011
2067 640
2068 2015
2069 5989
2070 626
2071 2491
2072 8428
2073 5736
2074 8163
2075 3952
2076 3781
2077 1461
2078 3243
2079 3513
2080 8663
2081 577
2082 2280
2083 948
2084 1648
2085 2217
2086 7017
2087 4048
2088 2498
2089 2091
2090 6598
2091 2089
2092 8965
2093 4626
2094 5153
2095 3991
2096 3886
2097 7087
2098 7335
2099 7199
2100 2098
2101 9229
2102 3851
2103 1436
2104 1151
2105 4039
2106 7582
2107 3512
2108 90
2109 9166
2110 3416
2111 1257
2112 5997
2113 1102
2114 9168
2115 1647
2116 1556
2117 6266
2118 8482
2119 4554
2120 7870
2121 1212
2122 2132
2123 6386
2124 3913
2125 3089
2126 3511
2127 9046
2128 3853
2129 5957
2130 1651
2131 7031
2132 2122
2133 5924
2134 288
2135 624
2136 6627
2137 5158
2138 6201
2139 2455
2140 9018
2141 2294
2142 7749
2143 2154
2144 8739
2145 7475
2146 5162
2147 7114
2148 5611
2149 1126
2150 1947
2151 5050
2152 7087
2153 6146
2154 2143
2155 5382
2156 8270
2157 402
2158 7112
2159 1052
2160 4579
2161 6459
2162 1028
2163 1213
2164 2296
2165 7749
2166 6727
2167 7426
2168 6733
2169 3316
2170 8331
2171 6802
2172 4578
2173 6858
2174 2175
2175 2174
2176 6592
2177 5707
2178 5419
2179 5479
2180 9267
2181 1023
2182 5628
2183 3979
2184 5242
2185 486
2186 2897
2187 6287
2188 677
2189 2727
2190 6379
2191 1867
2192 7705
2193 2671
2194 2196
2195 884
2196 3323
2197 1619
2198 5382
2199 1611
2200 5601
2201 6571
2202 1369
2203 9181
2204 2971
2205 2204
2206 8489
2207 5734
2208 2209
2209 7713
2210 574
2211 893
2212 2542
2213 8187
2214 2527
2215 5552
2216 6098
2217 3803
2218 865
2219 2745
2220 5442
2221 7202
2222 3740
2223 4338
2224 2496
2225 8149
2226 7087
2227 42
2228 2381
2229 1739
2230 1894
2231 7595
2232 1600
2233 5851
2234 5641
2235 8903
2236 8871
2237 7378
2238 1463
2239 4749
2240 1949
2241 3535
2242 3356
2243 8243
2244 2252
2245 9151
2246 894
2247 7535
2248 7928
2249 4130
2250 620
2251 4498
2252 5518
2253 2118
2254 4429
2255 6804
2256 3474
2257 7419
2258 685
2259 7818
2260 8324
2261 2264
2262 6280
2263 2264
2264 2263
2265 9038
2266 1641
2267 8291
2268 2942
2269 8499
2270 5755
2271 1976
2272 9071
2273 8791
2274 3783
2275 7725
2276 6599
2277 6943
2278 3424
2279 3710
2280 2907
2281 1153
2282 3047
2283 4001
2284 1859
2285 3277
2286 6672
2287 1979
2288 8055
2289 5825
2290 6010
2291 7965
2292 7907
2293 3387
2294 2141
2295 6145
2296 1122
2297 7920
2298 210
2299 3619
2300 8900
2301 405
2302 1289
2303 6583
2304 8971
2305 8433
2306 4386
2307 6406
2308 3297
2309 1918
2310 2264
2311 250
2312 1829
2313 1449
2314 7632
2315 8359
2316 3318
2317 2449
2318 3134
2319 1695
2320 1322
2321 863
2322 811
2323 9144
2324 1985
2325 8207
2326 7909
2327 2329
2328 628
2329 2327
2330 4470
2331 4671
2332 4463
2333 2332
2334 3164
2335 2514
2336 530
2337 4846
2338 7839
2339 6261
2340 1898
2341 4032
2342 6358
2343 5686
2344 9019
2345 3234
2346 7321
2347 816
2348 5664
2349 8189
2350 6138
2351 3697
2352 8360
2353 9271
2354 4163
2355 5011
2356 903
2357 7835
2358 5356
2359 8384
2360 8473
2361 329
2362 7365
2363 3635
2364 6714
2365 5189
2366 535
2367 6204
2368 8990
2369 4957
2370 377
2371 5380
2372 1926
2373 8898
2374 2481
2375 1696
2376 3982
2377 8595
2378 8992
2379 2785
2380 5419
2381 6150
2382 2742
2383 5269
2384 6819
2385 6404
2386 7168
2387 9188
2388 9150
2389 5457
2390 2394
2391 2983
2392 7106
2393 1281
2394 2390
2395 7327
2396 3501
2397 6827
2398 6633
2399 2543
2400 2931
2401 7297
2402 5167
2403 2457
2404 1024
2405 7583
2406 6164
2407 8811
2408 6003
2409 7580
2410 4017
2411 6581
2412 3834
2413 753
2414 399
2415 5112
2416 5793
2417 861
2418 2032
2419 8699
2420 110
2421 2062
2422 2063
2423 8732
2424 2065
2425 8367
2426 5057
2427 6868
2428 6284
2429 1173
2430 429
2431 7170
2432 5854
2433 2435
2434 7466
2435 2433
2436 6510
2437 5990
2438 1303
2439 6549
2440 3514
2441 60
2442 4458
2443 7977
2444 6767
2445 500
2446 6940
2447 8496
2448 7410
2449 2317
2450 816
2451 5744
2452 791
2453 1057
2454 2800
2455 1866
2456 1753
2457 6844
2458 881
2459 550
2460 8579
2461 7340
2462 5972
2463 7483
2464 7362
2465 4328
2466 4427
2467 8481
2468 2285
2469 2036
2470 7268
2471 346
2472 3483
2473 2475
2474 8443
2475 6665
2476 6205
2477 8170
2478 1826
2479 3879
2480 3455
2481 8690
2482 4057
2483 8158
2484 5769
2485 8730
2486 280
2487 1522
2488 1375
2489 881
2490 8316
2491 2071
2492 6623
2493 4868
2494 4059
2495 8442
2496 8134
2497 6575
2498 7818
2499 1197
2500 4789
2501 4489
2502 2503
2503 2502
2504 6684
2505 4382
2506 4372
2507 3556
2508 9210
2509 4435
2510 632
2511 8352
2512 5923
2513 2322
2514 2528
2515 5434
2516 7731
2517 543
2518 6440
2519 6665
2520 1879
2521 5018
2522 7913
2523 9231
2524 7429
2525 3447
2526 5726
2527 7967
2528 2402
2529 2108
2530 3051
2531 7129
2532 2815
2533 6720
2534 2533
2535 6301
2536 3998
2537 6108
2538 1875
2539 6484
2540 1657
2541 6664
2542 2212
2543 4422
2544 2439
2545 6133
2546 281
2547 3951
2548 3904
2549 133
2550 1946
2551 1496
2552 6863
2553 5813
2554 2095
2555 5229
2556 3220
2557 5886
2558 2966
2559 384
2560 94
2561 3643
2562 663
2563 4637
2564 3078
2565 6695
2566 785
2567 5425
2568 5951
2569 2744
2570 1289
2571 467
2572 2456
2573 9114
2574 6205
2575 6699
2576 4177
2577 3881
2578 171
2579 8582
2580 639
2581 129
2582 5826
2583 3605
2584 5841
2585 3097
2586 5510
2587 8837
2588 237
2589 6165
2590 2949
2591 7363
2592 3078
2593 2803
2594 3754
2595 1462
2596 3650
2597 1292
2598 6675
2599 7581
2600 6741
2601 2602
2602 2601
2603 7692
2604 3511
2605 6473
2606 7481
2607 5607
2608 6283
2609 5033
2610 9011
2611 3359
2612 3710
2613 7908
2614 3583
2615 1566
2616 7534
2617 5314
2618 1011
2619 4025
2620 2528
2621 7588
2622 7661
2623 4430
2624 9151
2625 6462
2626 2003
2627 2630
2628 805
2629 4920
2630 2627
2631 3844
2632 654
2633 2366
2634 7862
2635 2823
2636 3859
2637 4015
2638 3430
2639 6480
2640 5527
2641 8430
2642 3913
2643 4090
2644 6955
2645 3455
2646 1009
2647 2712
2648 9198
2649 2010
2650 8663
2651 5261
2652 6807
2653 788
2654 8490
2655 8997
2656 3359
2657 9294
2658 7997
2659 6623
2660 7969
2661 34
2662 6322
2663 2877
2664 3871
2665 2788
2666 4799
2667 1633
2668 6256
2669 242
2670 787
2671 2193
2672 7452
2673 5805
2674 4380
2675 4460
2676 2019
2677 2964
2678 1327
2679 3688
2680 1631
2681 6777
2682 384
2683 6588
2684 1320
2685 4649
2686 8984
2687 4973
2688 1602
2689 7534
2690 1286
2691 2721
2692 8923
2693 3941
2694 8857
2695 1200
2696 8450
2697 9294
2698 2630
2699 3721
2700 7939
2701 2702
2702 2701
2703 5518
2704 5256
2705 7197
2706 5918
2707 9281
2708 5534
2709 7173
2710 4692
2711 5624
2712 8729
2713 8665
2714 3640
2715 3800
2716 1785
2717 9297
2718 5904
2719 2724
2720 3738
2721 1556
2722 683
2723 3911
2724 5056
2725 2726
2726 1602
2727 2189
2728 1832
2729 6553
2730 1520
2731 5877
2732 8344
2733 8370
2734 4961
2735 7956
2736 3603
2737 3027
2738 8458
2739 3582
2740 777
2741 5466
2742 2382
2743 2900
2744 4418
2745 2219
2746 2704
2747 6110
2748 4663
2749 1799
2750 1079
2751 1771
2752 5587
2753 1489
2754 5509
2755 9220
2756 8113
2757 8709
2758 8793
2759 8626
2760 7653
2761 5913
2762 4422
2763 2554
2764 3960
2765 1370
2766 2554
2767 3363
2768 1215
2769 7731
2770 7798
2771 6601
2772 4840
2773 8620
2774 193
2775 6928
2776 8951
2777 1283
2778 4138
2779 4097
2780 3994
2781 2528
2782 6265
2783 3573
2784 628
2785 2379
2786 5945
2787 4868
2788 2789
2789 2788
2790 5232
2791 3358
2792 5410
2793 2006
2794 858
2795 7431
2796 3551
2797 4911
2798 7769
2799 3336
2800 1005
2801 7537
2802 3014
2803 6873
2804 3535
2805 5243
2806 4873
2807 8255
2808 6408
2809 3851
2810 3482
2811 7553
2812 667
2813 1092
2814 8900
2815 426
2816 9003
2817 8191
2818 7463
2819 5781
2820 167
2821 3390
2822 3672
2823 2635
2824 4587
2825 2453
2826 1461
2827 362
2828 5246
2829 9113
2830 2491
2831 3108
2832 1136
2833 319
2834 7300
2835 7598
2836 4789
2837 4475
2838 7494
2839 8079
2840 1255
2841 1212
2842 2519
2843 7402
2844 8004
2845 4109
2846 123
2847 8735
2848 6649
2849 6077
2850 6633
2851 661
2852 172
2853 621
2854 6421
2855 1049
2856 7901
2857 4465
2858 3750
2859 2609
2860 3524
2861 4538
2862 4433
2863 6206
2864 7567
2865 5629
2866 1325
2867 4373
2868 8236
2869 5658
2870 8803
2871 5157
2872 8301
2873 964
2874 4300
2875 1943
2876 355
2877 3599
2878 7745
2879 2212
2880 233
2881 6815
2882 3739
2883 3192
2884 143
2885 1130
2886 6892
2887 1819
2888 5033
2889 8476
2890 7369
2891 6602
2892 3537
2893 8754
2894 1605
2895 5566
2896 4296
2897 7155
2898 3257
2899 7337
2900 2743
2901 2935
2902 2160
2903 2904
2904 2903
2905 4120
2906 3095
2907 3662
2908 7645
2909 7319
2910 7999
2911 6177
2912 3975
2913 137
2914 4085
2915 551
2916 8710
2917 1169
2918 437
2919 6681
2920 6157
2921 3107
2922 938
2923 3523
2924 6533
2925 3802
2926 7083
2927 8499
2928 5493
2929 7513
2930 3338
2931 2400
2932 8499
2933 8581
2934 8276
2935 2901
2936 938
2937 4960
2938 1455
2939 2365
2940 1650
2941 3459
2942 7823
2943 2453
2944 218
2945 3069
2946 3541
2947 3161
2948 1798
2949 7925
2950 8372
2951 6007
2952 694
2953 5412
2954 1644
2955 6292
2956 8576
2957 993
2958 5456
2959 1644
2960 1325
2961 6841
2962 5535
2963 712
2964 7241
2965 3158
2966 5742
2967 2125
2968 7932
2969 3328
2970 7585
2971 4316
2972 5968
2973 2856
2974 3963
2975 190
2976 3026
2977 3147
2978 5367
2979 8991
2980 9109
2981 2268
2982 8385
2983 2391
2984 157
2985 4919
2986 3604
2987 4161
2988 8637
2989 2449
2990 6084
2991 5074
2992 7430
2993 8389
2994 2143
2995 3208
2996 1229
2997 3555
2998 6297
2999 2004
3000 3529
3001 6651
3002 6536
3003 1512
3004 5057
3005 4651
3006 3426
3007 0
3008 1795
3009 8838
3010 8196
3011 5229
3012 5034
3013 6716
3014 8916
3015 8512
3016 6778
3017 4243
3018 1304
3019 3886
3020 6965
3021 407
3022 4795
3023 8581
3024 7173
3025 5314
3026 1177
3027 2737
3028 7357
3029 8699
3030 454
3031 5622
3032 8043
3033 3083
3034 7168
3035 5431
3036 4789
3037 9105
3038 6627
3039 5937
3040 3039
3041 5229
3042 6092
3043 3240
3044 5769
3045 45
3046 7848
3047 2282
3048 2783
3049 7348
3050 3438
3051 2530
3052 2582
3053 1193
3054 7452
3055 7171
3056 1754
3057 7859
3058 3068
3059 5880
3060 7893
3061 2419
3062 267
3063 7111
3064 5994
3065 3584
3066 2398
3067 5752
3068 3058
3069 1276
3070 3451
3071 953
3072 1237
3073 6953
3074 6847
3075 5275
3076 304
3077 4658
3078 8842
3079 1284
3080 5216
3081 1484
3082 4976
3083 3033
3084 4577
3085 2542
3086 9261
3087 8695
3088 6035
3089 3357
3090 1371
3091 4658
3092 6022
3093 3261
3094 8437
3095 2906
3096 5587
3097 616
3098 9194
3099 2046
3100 7785
3101 7365
3102 4716
3103 6462
3104 7542
3105 1110
3106 5783
3107 5806
3108 2831
3109 9128
3110 7176
3111 4888
3112 224
3113 2183
3114 4326
3115 5906
3116 8020
3117 8036
3118 7895
3119 1828
3120 2752
3121 194
3122 3271
3123 572
3124 1571
3125 5509
3126 7710
3127 6604
3128 9179
3129 61
3130 3131
3131 3130
3132 7046
3133 1495
3134 6598
3135 992
3136 4130
3137 8202
3138 6435
3139 6686
3140 5048
3141 7194
3142 5112
3143 8505
3144 2813
3145 5260
3146 271
3147 2091
3148 4048
3149 8378
3150 8735
3151 6093
3152 6151
3153 8479
3154 5868
3155 6680
3156 8226
3157 6851
3158 2435
3159 4918
3160 8981
3161 9022
3162 2596
3163 7465
3164 2334
3165 6149
3166 5421
3167 4047
3168 5518
3169 4439
3170 1845
3171 7011
3172 8529
3173 841
3174 387
3175 8461
3176 1859
3177 9214
3178 356
3179 6417
3180 640
3181 519
3182 5786
3183 627
3184 8015
3185 2804
3186 546
3187 5886
3188 5751
3189 4936
3190 6418
3191 9008
3192 6971
3193 2188
3194 7939
3195 9108
3196 6391
3197 5673
3198 6013
3199 8330
3200 2231
3201 3891
3202 1169
3203 8139
3204 6088
3205 9134
3206 7827
3207 5245
3208 63
3209 7941
3210 1696
3211 1762
3212 2944
3213 8788
3214 3692
3215 1550
3216 3534
3217 7231
3218 617
3219 2783
3220 2556
3221 1572
3222 6433
3223 2579
3224 7164
3225 4920
3226 5055
3227 4236
3228 3199
3229 5005
3230 6012
3231 5775
3232 8073
3233 337
3234 2345
3235 7575
3236 6581
3237 3166
3238 6701
3239 9189
3240 7981
3241 4547
3242 4444
3243 2078
3244 312
3245 3247
3246 5363
3247 3245
3248 1188
3249 5132
3250 3731
3251 8470
3252 8853
3253 452
3254 8565
3255 5997
3256 8067
3257 7301
3258 2900
3259 4636
3260 8491
3261 9140
3262 1707
3263 7910
3264 3265
3265 1523
3266 6787
3267 1311
3268 8332
3269 2864
3270 3821
3271 8017
3272 3274
3273 17
3274 3272
3275 1388
3276 3274
3277 3176
3278 3540
3279 6365
3280 3279
3281 3314
3282 9271
3283 1652
3284 6224
3285 7448
3286 2051
3287 8190
3288 1833
3289 7906
3290 3521
3291 7209
3292 5023
3293 248
3294 3250
3295 2934
3296 442
3297 2308
3298 4050
3299 3715
3300 3314
3301 1960
3302 5979
3303 4749
3304 2679
3305 6424
3306 5304
3307 347
3308 902
3309 119
3310 3571
3311 539
3312 794
3313 6200
3314 3300
3315 2162
3316 5992
3317 4218
3318 5192
3319 236
3320 879
3321 1066
3322 6638
3323 2196
3324 480
3325 321
3326 9173
3327 710
3328 2969
3329 5743
3330 1022
3331 2900
3332 1385
3333 7690
3334 1486
3335 3158
3336 2799
3337 2509
3338 2930
3339 7667
3340 9202
3341 2098
3342 7010
3343 7215
3344 5057
3345 3376
3346 4236
3347 6274
3348 619
3349 8119
3350 6967
3351 4183
3352 4687
3353 4398
3354 3435
3355 2344
3356 3529
3357 3089
3358 2791
3359 5509
3360 2459
3361 6089
3362 1676
3363 1180
3364 2127
3365 1452
3366 8384
3367 6310
3368 6212
3369 1555
3370 8384
3371 4988
3372 3373
3373 3372
3374 1857
3375 2389
3376 7517
3377 1973
3378 5805
3379 7447
3380 2334
3381 115
3382 4974
3383 6682
3384 4334
3385 7511
3386 744
3387 6588
3388 8712
3389 1826
3390 2821
3391 6370
3392 2188
3393 1486
3394 1895
3395 5478
3396 1340
3397 1476
3398 8456
3399 7755
3400 7832
3401 7777
3402 1891
3403 4574
3404 7862
3405 4397
3406 5910
3407 7182
3408 2386
3409 6505
3410 4999
3411 2931
3412 2699
3413 1571
3414 6754
3415 5634
3416 3538
3417 158
3418 4569
3419 1013
3420 7012
3421 2037
3422 4630
3423 6342
3424 8217
3425 9148
3426 1407
3427 2778
3428 8061
3429 2805
3430 2638
3431 2451
3432 5537
3433 1703
3434 3336
3435 8898
3436 6927
3437 8226
3438 4863
3439 3438
3440 6731
3441 8612
3442 6239
3443 3710
3444 9169
3445 1540
3446 4849
3447 2525
3448 3619
3449 1570
3450 1706
3451 3070
3452 1096
3453 2617
3454 7879
3455 2480
3456 9192
3457 397
3458 9145
3459 8959
3460 8941
3461 2298
3462 5450
3463 7396
3464 4796
3465 4152
3466 2700
3467 8428
3468 3469
3469 7751
3470 3471
3471 3470
3472 5020
3473 2477
3474 8104
3475 3389
3476 9195
3477 4555
3478 9245
3479 6351
3480 3479
3481 6413
3482 2810
3483 3768
3484 8004
3485 3484
3486 1598
3487 6025
3488 2011
3489 1044
3490 1160
3491 6314
3492 6651
3493 8104
3494 956
3495 9160
3496 1688
3497 3498
3498 3497
3499 5785
3500 1434
3501 514
3502 3501
3503 9145
3504 1506
3505 5276
3506 2375
3507 935
3508 7864
3509 25
3510 1865
3511 6525
3512 3521
3513 6310
3514 2440
3515 1870
3516 729
3517 8316
3518 9068
3519 8165
3520 5836
3521 3512
3522 3434
3523 8269
3524 8354
3525 5594
3526 8710
3527 7275
3528 2569
3529 8489
3530 8361
3531 9168
3532 1943
3533 1831
3534 3373
3535 120
3536 3176
3537 5959
3538 3416
3539 6908
3540 3278
3541 2946
3542 4236
3543 7396
3544 1864
3545 9132
3546 1292
3547 9149
3548 4843
3549 4888
3550 2424
3551 7562
3552 6334
3553 8242
3554 4193
3555 4193
3556 557
3557 8897
3558 8798
3559 418
3560 7882
3561 1534
3562 8837
3563 5411
3564 8523
3565 8521
3566 2474
3567 98
3568 3524
3569 5297
3570 8165
3571 3310
3572 6230
3573 2783
3574 5341
3575 3846
3576 120
3577 2889
3578 4543
3579 6116
3580 7618
3581 5323
3582 2739
3583 5419
3584 6416
3585 3319
3586 1796
3587 20
3588 1737
3589 7223
3590 8131
3591 7982
3592 7347
3593 3694
3594 6213
3595 7622
3596 2188
3597 3392
3598 8452
3599 2877
3600 1939
3601 816
3602 2080
3603 2736
3604 8969
3605 2583
3606 1585
3607 872
3608 9135
3609 6623
3610 1511
3611 5214
3612 8764
3613 5681
3614 7051
3615 8250
3616 3174
3617 7392
3618 2657
3619 2299
3620 3649
3621 2031
3622 147
3623 6475
3624 4385
3625 4479
3626 6778
3627 3785
3628 8536
3629 2883
3630 1657
3631 7301
3632 3917
3633 4773
3634 9297
3635 3995
3636 9019
3637 6760
3638 974
3639 1413
3640 7859
3641 5103
3642 137
3643 8351
3644 6695
3645 1512
3646 7033
3647 7748
3648 9001
3649 8985
3650 2596
3651 5231
3652 3782
3653 6845
3654 3653
3655 9220
3656 8253
3657 7572
3658 2630
3659 9011
3660 3334
3661 6693
3662 7772
3663 2394
3664 5418
3665 6198
3666 6788
3667 4334
3668 7253
3669 3771
3670 3702
3671 5910
3672 953
3673 1816
3674 9098
3675 1702
3676 304
3677 719
3678 343
3679 607
3680 6763
3681 5114
3682 4876
3683 6622
3684 4721
3685 7403
3686 3314
3687 5257
3688 2679
3689 4340
3690 7510
3691 4099
3692 2837
3693 8005
3694 4223
3695 818
3696 2965
3697 2351
3698 5770
3699 3127
3700 1642
3701 8337
3702 3670
3703 9220
3704 6619
3705 179
3706 5566
3707 1463
3708 6454
3709 6492
3710 7291
3711 5264
3712 5249
3713 1438
3714 4553
3715 7482
3716 2906
3717 3190
3718 4122
3719 7719
3720 1929
3721 2699
3722 309
3723 3619
3724 782
3725 7965
3726 3977
3727 9071
3728 8266
3729 7388
3730 3371
3731 3250
3732 4675
3733 5333
3734 3024
3735 341
3736 8938
3737 6049
3738 2720
3739 561
3740 9294
3741 7891
3742 5363
3743 332
3744 7216
3745 7395
3746 793
3747 9033
3748 3848
3749 5642
3750 2858
3751 696
3752 107
3753 8242
3754 1647
3755 5045
3756 6664
3757 4434
3758 3759
3759 6019
3760 5241
3761 3764
3762 8207
3763 7015
3764 2476
3765 1804
3766 6002
3767 4413
3768 3483
3769 6385
3770 1696
3771 3669
3772 6631
3773 1844
3774 4863
3775 3584
3776 6669
3777 327
3778 2900
3779 3275
3780 347
3781 2076
3782 3652
3783 2274
3784 9033
3785 3627
3786 1530
3787 8518
3788 8210
3789 3945
3790 2524
3791 706
3792 8506
3793 5023
3794 8049
3795 9139
3796 9005
3797 3975
3798 3799
3799 3798
3800 5434
3801 519
3802 43
3803 2217
3804 110
3805 4439
3806 1289
3807 7675
3808 3852
3809 1270
3810 8968
3811 6084
3812 8931
3813 838
3814 168
3815 2943
3816 988
3817 4631
3818 5654
3819 5878
3820 8225
3821 6486
3822 7157
3823 610
3824 2572
3825 357
3826 2766
3827 8
3828 5451
3829 5685
3830 1687
3831 5566
3832 4205
3833 7522
3834 4290
3835 656
3836 162
3837 5381
3838 7927
3839 4662
3840 6020
3841 167
3842 221
3843 4763
3844 6266
3845 9244
3846 7313
3847 5957
3848 8217
3849 6718
3850 8431
3851 4092
3852 6194
3853 2128
3854 4350
3855 749
3856 2368
3857 3479
3858 8725
3859 6394
3860 6001
3861 6900
3862 4027
3863 1847
3864 8764
3865 4940
3866 9002
3867 4049
3868 3920
3869 1215
3870 469
3871 1834
3872 3401
3873 5481
3874 177
3875 5043
3876 1704
3877 8903
3878 6982
3879 1322
3880 6748
3881 8228
3882 3883
3883 7963
3884 3997
3885 5523
3886 5526
3887 6951
3888 4533
3889 6020
3890 5524
3891 1657
3892 8941
3893 7232
3894 1337
3895 3871
3896 9150
3897 8241
3898 6463
3899 5294
3900 148
3901 3687
3902 8101
3903 6380
3904 3951
3905 3907
3906 1352
3907 3905
3908 1235
3909 5710
3910 7783
3911 3905
3912 617
3913 2124
3914 8168
3915 3314
3916 6273
3917 3632
3918 7926
3919 3912
3920 1647
3921 6994
3922 7262
3923 4429
3924 6611
3925 8664
3926 3924
3927 620
3928 4786
3929 2969
3930 8592
3931 2038
3932 28
3933 4574
3934 7916
3935 8172
3936 1865
3937 5731
3938 1769
3939 6086
3940 6535
3941 7159
3942 7168
3943 538
3944 5136
3945 3789
3946 5204
3947 7623
3948 7832
3949 1872
3950 6869
3951 3904
3952 2075
3953 5368
3954 8123
3955 813
3956 7622
3957 404
3958 888
3959 6617
3960 2764
3961 170
3962 8182
3963 1969
3964 785
3965 5821
3966 7136
3967 1560
3968 4454
3969 5777
3970 757
3971 228
3972 5034
3973 8749
3974 3798
3975 2912
3976 9129
3977 6506
3978 6753
3979 2183
3980 8901
3981 2118
3982 4535
3983 3534
3984 7850
3985 66
3986 6825
3987 7986
3988 5698
3989 2602
3990 557
3991 8231
3992 7202
3993 471
3994 2264
3995 3635
3996 417
3997 7730
3998 2536
3999 2990
4000 8454
4001 2283
4002 6581
4003 3135
4004 270
4005 2719
4006 7737
4007 1779
4008 217
4009 1083
4010 618
4011 7846
4012 4520
4013 1057
4014 7250
4015 2637
4016 1199
4017 1914
4018 7282
4019 6087
4020 6627
4021 8493
4022 1482
4023 4255
4024 2537
4025 2619
4026 836
4027 3133
4028 5984
4029 3053
4030 2576
4031 8701
4032 1565
4033 1801
4034 1810
4035 2937
4036 4519
4037 6826
4038 7565
4039 6134
4040 5769
4041 7736
4042 7861
4043 4800
4044 7523
4045 1473
4046 7552
4047 3167
4048 8255
4049 1659
4050 8935
4051 5671
4052 8428
4053 8817
4054 6113
4055 666
4056 6809
4057 7902
4058 7998
4059 2992
4060 4230
4061 9017
4062 7671
4063 7221
4064 8017
4065 1617
4066 7929
4067 7998
4068 4021
4069 992
4070 6949
4071 5715
4072 5298
4073 4579
4074 4885
4075 4538
4076 1608
4077 9126
4078 368
4079 4326
4080 4089
4081 256
4082 2151
4083 5127
4084 1516
4085 2914
4086 201
4087 2365
4088 7152
4089 1543
4090 173
4091 1977
4092 3851
4093 6274
4094 1356
4095 4484
4096 6836
4097 3802
4098 4400
4099 3691
4100 6747
4101 2600
4102 4620
4103 8848
4104 2238
4105 239
4106 3251
4107 4359
4108 4438
4109 2845
4110 7895
4111 2638
4112 415
4113 3741
4114 8801
4115 4204
4116 5268
4117 9220
4118 4202
4119 4791
4120 7031
4121 6604
4122 5868
4123 1122
4124 7164
4125 5095
4126 4127
4127 3781
4128 8136
4129 2846
4130 3136
4131 347
4132 2095
4133 9179
4134 8132
4135 7726
4136 7869
4137 3207
4138 2778
4139 7890
4140 5776
4141 7393
4142 7705
4143 7091
4144 3594
4145 6594
4146 2863
4147 5779
4148 5766
4149 8971
4150 4607
4151 3239
4152 3465
4153 2407
4154 7122
4155 731
4156 855
4157 1754
4158 6508
4159 601
4160 2360
4161 2987
4162 6598
4163 2354
4164 2789
4165 1945
4166 7619
4167 7995
4168 4448
4169 1697
4170 4779
4171 8844
4172 3016
4173 6735
4174 6184
4175 5931
4176 8099
4177 2576
4178 7553
4179 1229
4180 8811
4181 175
4182 48
4183 6706
4184 7363
4185 182
4186 4187
4187 4186
4188 4784
4189 8251
4190 9258
4191 7243
4192 7283
4193 3555
4194 4081
4195 3348
4196 7120
4197 5323
4198 868
4199 6289
4200 1624
4201 9147
4202 4495
4203 6681
4204 7847
4205 3832
4206 272
4207 3552
4208 7223
4209 7511
4210 1446
4211 5227
4212 1500
4213 317
4214 5816
4215 6280
4216 4820
4217 7110
4218 550
4219 5261
4220 9281
4221 2192
4222 1332
4223 3694
4224 2180
4225 3698
4226 200
4227 5595
4228 4939
4229 9172
4230 6086
4231 8332
4232 8474
4233 9061
4234 805
4235 2971
4236 3542
4237 48
4238 6060
4239 4125
4240 7513
4241 4824
4242 690
4243 4183
4244 6138
4245 275
4246 5130
4247 9235
4248 4255
4249 1193
4250 617
4251 3977
4252 78
4253 7031
4254 3526
4255 4248
4256 2820
4257 853
4258 3963
4259 7357
4260 4263
4261 5971
4262 9003
4263 4260
4264 9117
4265 1563
4266 6764
4267 8355
4268 8226
4269 1333
4270 4606
4271 6419
4272 1713
4273 6049
4274 9044
4275 3735
4276 1174
4277 5551
4278 5716
4279 4109
4280 5552
4281 8168
4282 2414
4283 1234
4284 2520
4285 572
4286 5760
4287 4648
4288 1444
4289 2228
4290 3834
4291 7589
4292 740
4293 9038
4294 2539
4295 1650
4296 2896
4297 6589
4298 385
4299 330
4300 7716
4301 3742
4302 1500
4303 7974
4304 6881
4305 9194
4306 8887
4307 7553
4308 708
4309 7120
4310 8452
4311 2627
4312 9207
4313 159
4314 152
4315 3735
4316 2971
4317 113
4318 4498
4319 2266
4320 4865
4321 1878
4322 227
4323 6961
4324 6243
4325 8950
4326 2433
4327 7379
4328 9290
4329 6439
4330 1578
4331 6658
4332 2812
4333 5683
4334 1619
4335 3802
4336 882
4337 8935
4338 415
4339 5014
4340 8120
4341 5275
4342 6619
4343 5954
4344 5379
4345 6803
4346 8371
4347 4629
4348 5487
4349 1411
4350 3854
4351 8635
4352 3565
4353 4888
4354 229
4355 5739
4356 5745
4357 2935
4358 7098
4359 5365
4360 666
4361 2909
4362 1656
4363 6752
4364 5463
4365 2933
4366 3662
4367 2046
4368 1834
4369 4481
4370 370
4371 2119
4372 4429
4373 8898
4374 8112
4375 1661
4376 6614
4377 3306
4378 6966
4379 1239
4380 4471
4381 1631
4382 4888
4383 892
4384 2849
4385 1428
4386 4661
4387 1295
4388 6419
4389 5156
4390 4083
4391 4131
4392 6749
4393 1503
4394 6772
4395 1681
4396 1651
4397 3405
4398 4350
4399 7981
4400 7059
4401 9220
4402 7397
4403 1461
4404 4759
4405 1285
4406 6107
4407 2571
4408 7435
4409 203
4410 1508
4411 3978
4412 2774
4413 3767
4414 5917
4415 5046
4416 6364
4417 5415
4418 215
4419 2260
4420 6843
4421 7106
4422 2762
4423 4277
4424 3852
4425 149
4426 2477
4427 9209
4428 1819
4429 2254
4430 5973
4431 5938
4432 6147
4433 5257
4434 3757
4435 60
4436 8120
4437 1806
4438 6905
4439 8682
4440 1001
4441 6076
4442 6036
4443 883
4444 1661
4445 9244
4446 4335
4447 9056
4448 8711
4449 1154
4450 101
4451 4452
4452 4451
4453 2368
4454 3968
4455 5382
4456 7670
4457 5701
4458 2442
4459 5842
4460 104
4461 4493
4462 591
4463 3445
4464 4623
4465 2857
4466 9011
4467 1023
4468 6150
4469 8863
4470 4775
4471 3798
4472 3886
4473 8568
4474 678
4475 2837
4476 6905
4477 6309
4478 5839
4479 3625
4480 46
4481 8497
4482 6229
4483 7515
4484 5880
4485 3228
4486 7189
4487 6532
4488 7924
4489 2648
4490 1882
4491 2631
4492 6690
4493 4461
4494 4985
4495 4202
4496 6397
4497 4496
4498 695
4499 4850
4500 5193
4501 562
4502 8750
4503 2054
4504 5419
4505 6658
4506 4718
4507 6607
4508 738
4509 5745
4510 6990
4511 3773
4512 8975
4513 8471
4514 540
4515 7962
4516 1369
4517 4070
4518 1772
4519 429
4520 4012
4521 8817
4522 7273
4523 8882
4524 5460
4525 6729
4526 8691
4527 8339
4528 1662
4529 1122
4530 4636
4531 7979
4532 7075
4533 3888
4534 5159
4535 3982
4536 7767
4537 7729
4538 5170
4539 6753
4540 3889
4541 9000
4542 1795
4543 7621
4544 1707
4545 4209
4546 110
4547 3241
4548 6153
4549 6158
4550 4939
4551 7970
4552 6415
4553 1993
4554 2119
4555 6163
4556 7162
4557 8801
4558 7219
4559 4244
4560 3127
4561 8436
4562 5065
4563 252
4564 3840
4565 5240
4566 6549
4567 4174
4568 607
4569 1701
4570 7483
4571 6350
4572 9236
4573 7223
4574 8886
4575 8301
4576 1601
4577 5579
4578 6408
4579 2160
4580 1731
4581 1528
4582 7796
4583 6027
4584 1168
4585 2969
4586 5561
4587 2195
4588 5136
4589 4699
4590 201
4591 1284
4592 7381
4593 5926
4594 2653
4595 5786
4596 5786
4597 1212
4598 2066
4599 5295
4600 1773
4601 4745
4602 6129
4603 7187
4604 5673
4605 5077
4606 4270
4607 8765
4608 274
4609 6967
4610 4268
4611 3958
4612 3891
4613 58
4614 6960
4615 1035
4616 740
4617 4911
4618 735
4619 415
4620 4102
4621 2344
4622 1274
4623 3714
4624 4650
4625 2512
4626 2093
4627 1886
4628 8976
4629 6389
4630 5736
4631 4943
4632 7065
4633 4444
4634 1022
4635 5128
4636 4530
4637 2765
4638 5948
4639 9282
4640 8668
4641 4658
4642 9033
4643 4653
4644 6589
4645 7897
4646 7313
4647 6618
4648 4287
4649 3674
4650 4207
4651 3005
4652 4653
4653 4652
4654 3820
4655 5569
4656 9137
4657 7098
4658 3091
4659 278
4660 4775
4661 7031
4662 3839
4663 2748
4664 5924
4665 5317
4666 4121
4667 194
4668 4177
4669 324
4670 9249
4671 2331
4672 4009
4673 7569
4674 7273
4675 8456
4676 4716
4677 3119
4678 2992
4679 5132
4680 5301
4681 4063
4682 8354
4683 1593
4684 890
4685 6863
4686 7605
4687 3352
4688 6256
4689 4009
4690 1234
4691 5279
4692 2710
4693 4156
4694 7008
4695 3604
4696 1326
4697 6863
4698 3748
4699 7599
4700 8582
4701 1515
4702 7563
4703 8193
4704 7110
4705 5659
4706 1583
4707 1915
4708 586
4709 5944
4710 2535
4711 8503
4712 658
4713 6951
4714 6301
4715 5511
4716 4676
4717 4997
4718 4506
4719 4720
4720 4719
4721 3684
4722 8078
4723 4862
4724 6544
4725 2513
4726 8092
4727 4087
4728 2092
4729 4936
4730 8726
4731 7504
4732 4919
4733 5598
4734 4850
4735 5578
4736 749
4737 9082
4738 5812
4739 6020
4740 6084
4741 6631
4742 8353
4743 5140
4744 8776
4745 4601
4746 7719
4747 2333
4748 933
4749 3303
4750 8115
4751 778
4752 4252
4753 2710
4754 4887
4755 2153
4756 8864
4757 4946
4758 584
4759 1629
4760 106
4761 4085
4762 507
4763 3843
4764 9117
4765 1361
4766 5768
4767 5496
4768 1624
4769 444
4770 3906
4771 7285
4772 1973
4773 1698
4774 7233
4775 4470
4776 6105
4777 5725
4778 7942
4779 4170
4780 3594
4781 6599
4782 4687
4783 3964
4784 8517
4785 5046
4786 6337
4787 6506
4788 7483
4789 2836
4790 5159
4791 4119
4792 3127
4793 7441
4794 7506
4795 3022
4796 3465
4797 4042
4798 753
4799 5873
4800 4043
4801 4476
4802 3643
4803 1573
4804 1684
4805 6343
4806 2985
4807 3715
4808 8774
4809 3336
4810 4960
4811 965
4812 743
4813 841
4814 2277
4815 8254
4816 5959
4817 7726
4818 8269
4819 439
4820 1600
4821 6481
4822 1871
4823 2491
4824 1877
4825 888
4826 1447
4827 87
4828 6280
4829 1572
4830 1809
4831 6598
4832 973
4833 3655
4834 4998
4835 640
4836 332
4837 7008
4838 6012
4839 139
4840 4005
4841 7382
4842 1464
4843 1212
4844 647
4845 2630
4846 1569
4847 4848
4848 4847
4849 5365
4850 4734
4851 4440
4852 2231
4853 1931
4854 7667
4855 8994
4856 3990
4857 7097
4858 7081
4859 1373
4860 6288
4861 3274
4862 1613
4863 4556
4864 955
4865 7962
4866 8487
4867 8163
4868 1014
4869 5945
4870 2839
4871 253
4872 879
4873 2806
4874 719
4875 2345
4876 6399
4877 270
4878 5422
4879 1400
4880 3983
4881 7197
4882 6184
4883 1825
4884 516
4885 5757
4886 9279
4887 4754
4888 9173
4889 2896
4890 3845
4891 2478
4892 6923
4893 4890
4894 3970
4895 6104
4896 472
4897 930
4898 8704
4899 1289
4900 9159
4901 6521
4902 2291
4903 917
4904 3594
4905 7800
4906 8330
4907 6214
4908 7036
4909 3999
4910 6971
4911 7622
4912 1747
4913 6195
4914 7554
4915 7513
4916 6227
4917 4492
4918 2759
4919 2985
4920 166
4921 3297
4922 7382
4923 6892
4924 7405
4925 7293
4926 1789
4927 1847
4928 1130
4929 767
4930 5030
4931 7253
4932 6685
4933 8924
4934 9189
4935 2217
4936 5080
4937 8503
4938 395
4939 4228
4940 3865
4941 6332
4942 3991
4943 4631
4944 5318
4945 6184
4946 4757
4947 8031
4948 6693
4949 4653
4950 2067
4951 4001
4952 6698
4953 6408
4954 3197
4955 4700
4956 9142
4957 2369
4958 4642
4959 6601
4960 6479
4961 2557
4962 4216
4963 4902
4964 6778
4965 1079
4966 3197
4967 1961
4968 991
4969 2152
4970 4512
4971 4964
4972 4964
4973 2687
4974 3382
4975 6999
4976 3082
4977 6908
4978 1847
4979 1425
4980 292
4981 8900
4982 4494
4983 2383
4984 5951
4985 8858
4986 3284
4987 9137
4988 6272
4989 4192
4990 371
4991 1859
4992 8576
4993 991
4994 2096
4995 813
4996 5770
4997 4717
4998 5628
4999 1102
5000 6377
5001 2527
5002 8251
5003 7130
5004 5561
5005 8455
5006 344
5007 6212
5008 8102
5009 3698
5010 8858
5011 8908
5012 2347
5013 5923
5014 4339
5015 888
5016 7182
5017 6436
5018 2521
5019 4659
5020 5809
5021 6684
5022 499
5023 3793
5024 6526
5025 5602
5026 8514
5027 1769
5028 9079
5029 1066
5030 4930
5031 5033
5032 986
5033 6879
5034 520
5035 167
5036 8355
5037 507
5038 1582
5039 582
5040 8900
5041 7597
5042 2695
5043 1999
5044 3401
5045 7119
5046 8889
5047 4508
5048 1629
5049 176
5050 842
5051 1313
5052 86
5053 7267
5054 4250
5055 3226
5056 8138
5057 9075
5058 5510
5059 7527
5060 5772
5061 1076
5062 6004
5063 8661
5064 5065
5065 5064
5066 6993
5067 6598
5068 2543
5069 988
5070 5580
5071 632
5072 8220
5073 577
5074 6292
5075 2845
5076 2050
5077 1575
5078 3297
5079 9145
5080 2386
5081 8610
5082 4097
5083 2281
5084 7127
5085 228
5086 1800
5087 2570
5088 5276
5089 113
5090 4352
5091 613
5092 2918
5093 4591
5094 5420
5095 4125
5096 1631
5097 4340
5098 896
5099 4624
5100 979
5101 2792
5102 6003
5103 5408
5104 6727
5105 7723
5106 4626
5107 4579
5108 4576
5109 7158
5110 6363
5111 546
5112 3142
5113 1209
5114 3681
5115 4858
5116 3936
5117 7434
5118 3321
5119 869
5120 7850
5121 4143
5122 1412
5123 772
5124 1125
5125 9289
5126 34
5127 4083
5128 3068
5129 7670
5130 4246
5131 1221
5132 4679
5133 7296
5134 7599
5135 5908
5136 1878
5137 6835
5138 7268
5139 5141
5140 4743
5141 5139
5142 3470
5143 1246
5144 7401
5145 9011
5146 133
5147 5271
5148 6718
5149 8764
5150 7393
5151 26
5152 3969
5153 883
5154 7001
5155 6755
5156 1591
5157 1886
5158 9209
5159 7367
5160 7123
5161 2312
5162 8900
5163 681
5164 1904
5165 7730
5166 8254
5167 2402
5168 8901
5169 8791
5170 4538
5171 6464
5172 669
5173 5215
5174 2583
5175 2298
5176 7680
5177 5478
5178 8362
5179 9130
5180 328
5181 8698
5182 6545
5183 8367
5184 5643
5185 4002
5186 7949
5187 4042
5188 7334
5189 415
5190 813
5191 8352
5192 3318
5193 8352
5194 2743
5195 7204
5196 2044
5197 2078
5198 7223
5199 1113
5200 5378
5201 7434
5202 6311
5203 9171
5204 6808
5205 1201
5206 1055
5207 7902
5208 7905
5209 4359
5210 7887
5211 4342
5212 8955
5213 3773
5214 3611
5215 5723
5216 3080
5217 8702
5218 627
5219 8969
5220 3741
5221 9100
5222 7018
5223 7780
5224 5681
5225 6277
5226 7416
5227 4211
5228 1645
5229 586
5230 7951
5231 1972
5232 2790
5233 8367
5234 661
5235 224
5236 1024
5237 5978
5238 508
5239 5735
5240 4565
5241 3760
5242 2184
5243 4675
5244 5218
5245 8115
5246 8391
5247 8824
5248 750
5249 9108
5250 6897
5251 936
5252 443
5253 1850
5254 8791
5255 9144
5256 8063
5257 6297
5258 2170
5259 1139
5260 726
5261 2651
5262 3922
5263 8224
5264 3711
5265 8024
5266 1943
5267 6476
5268 4116
5269 2810
5270 3741
5271 5147
5272 2969
5273 12
5274 4648
5275 4341
5276 3505
5277 6495
5278 5490
5279 1109
5280 3472
5281 1389
5282 2680
5283 7626
5284 6004
5285 2265
5286 4323
5287 3829
5288 2086
5289 5528
5290 993
5291 2816
5292 2045
5293 4143
5294 5004
5295 5293
5296 5615
5297 2741
5298 6330
5299 6729
5300 884
5301 4680
5302 1914
5303 5938
5304 7017
5305 1768
5306 1747
5307 2476
5308 7552
5309 5311
5310 1239
5311 1042
5312 1415
5313 2331
5314 7083
5315 3871
5316 714
5317 3737
5318 4944
5319 5159
5320 1554
5321 288
5322 5711
5323 4197
5324 2951
5325 8368
5326 8220
5327 254
5328 281
5329 3067
5330 8786
5331 9033
5332 5925
5333 5927
5334 8004
5335 6901
5336 2261
5337 3262
5338 8662
5339 7987
5340 1213
5341 8552
5342 984
5343 7202
5344 1022
5345 5424
5346 4828
5347 8552
5348 7127
5349 8546
5350 3594
5351 5334
5352 1521
5353 1052
5354 1692
5355 8548
5356 7589
5357 8752
5358 385
5359 1828
5360 6807
5361 8987
5362 7287
5363 3742
5364 5436
5365 7680
5366 3626
5367 7693
5368 3953
5369 6898
5370 8731
5371 2193
5372 6274
5373 5372
5374 265
5375 1639
5376 1244
5377 7272
5378 546
5379 8984
5380 2371
5381 444
5382 4455
5383 7394
5384 3130
5385 729
5386 3493
5387 2181
5388 1501
5389 7200
5390 1363
5391 5390
5392 5432
5393 7183
5394 1061
5395 3196
5396 4385
5397 1211
5398 4734
5399 469
5400 739
5401 7926
5402 1573
5403 7136
5404 1462
5405 6893
5406 1894
5407 3599
5408 5103
5409 5880
5410 2783
5411 387
5412 2953
5413 8119
5414 2363
5415 4066
5416 8188
5417 8253
5418 3664
5419 3583
5420 7041
5421 3166
5422 4878
5423 6215
5424 5345
5425 5424
5426 7095
5427 7344
5428 8427
5429 9189
5430 7844
5431 3035
5432 754
5433 7908
5434 3800
5435 7151
5436 5364
5437 6669
5438 3083
5439 7498
5440 1939
5441 6412
5442 7777
5443 7215
5444 73
5445 2229
5446 7850
5447 260
5448 2113
5449 3031
5450 1441
5451 3828
5452 6098
5453 6856
5454 4833
5455 851
5456 2958
5457 2389
5458 7071
5459 1574
5460 8479
5461 4222
5462 1272
5463 4364
5464 1604
5465 2021
5466 2741
5467 3753
5468 1571
5469 1107
5470 2447
5471 8074
5472 9166
5473 572
5474 8159
5475 1496
5476 2299
5477 1102
5478 532
5479 2179
5480 7609
5481 3873
5482 7349
5483 5943
5484 8838
5485 2351
5486 668
5487 4348
5488 6513
5489 859
5490 8692
5491 2080
5492 1924
5493 2928
5494 92
5495 8053
5496 4767
5497 7051
5498 1022
5499 8359
5500 8767
5501 3476
5502 6014
5503 6240
5504 800
5505 8957
5506 8957
5507 7193
5508 7129
5509 3359
5510 2586
5511 4715
5512 5511
5513 3664
5514 5219
5515 961
5516 627
5517 558
5518 2703
5519 6149
5520 6041
5521 1309
5522 1695
5523 3885
5524 3883
5525 6652
5526 3886
5527 5798
5528 5289
5529 177
5530 6232
5531 6076
5532 6955
5533 4984
5534 2708
5535 2962
5536 1912
5537 4744
5538 496
5539 4801
5540 4616
5541 3312
5542 9129
5543 8540
5544 7385
5545 7505
5546 865
5547 1956
5548 3760
5549 3229
5550 5767
5551 2069
5552 4280
5553 8761
5554 2631
5555 5660
5556 5559
5557 71
5558 698
5559 5556
5560 4570
5561 5004
5562 3459
5563 700
5564 4519
5565 6657
5566 3706
5567 9138
5568 6581
5569 7143
5570 8308
5571 5453
5572 6630
5573 547
5574 5453
5575 8822
5576 7006
5577 7113
5578 7046
5579 4577
5580 8066
5581 502
5582 7824
5583 8957
5584 2368
5585 622
5586 7918
5587 2752
5588 5589
5589 5588
5590 5588
5591 1425
5592 3339
5593 6676
5594 8537
5595 4227
5596 1430
5597 7458
5598 4733
5599 6265
5600 2131
5601 2200
5602 1034
5603 7142
5604 3355
5605 1042
5606 4393
5607 1591
5608 8025
5609 6111
5610 8586
5611 3469
5612 579
5613 2073
5614 8949
5615 5296
5616 7296
5617 163
5618 7831
5619 557
5620 690
5621 8990
5622 7074
5623 3089
5624 2711
5625 2654
5626 4457
5627 3277
5628 760
5629 2263
5630 6824
5631 8412
5632 2912
5633 6749
5634 3415
5635 7309
5636 1834
5637 8275
5638 8693
5639 5850
5640 7409
5641 7967
5642 3749
5643 5924
5644 1169
5645 1975
5646 5628
5647 731
5648 1302
5649 5650
5650 5649
5651 6528
5652 6770
5653 4484
5654 3818
5655 537
5656 8211
5657 5466
5658 2869
5659 7996
5660 5555
5661 1118
5662 6783
5663 6129
5664 2348
5665 8678
5666 3562
5667 3057
5668 8081
5669 8761
5670 5613
5671 4051
5672 8799
5673 3197
5674 1930
5675 7123
5676 5758
5677 1408
5678 5163
5679 5506
5680 5678
5681 3613
5682 9245
5683 6218
5684 4858
5685 28
5686 5369
5687 1730
5688 181
5689 1913
5690 6481
5691 1511
5692 4763
5693 7273
5694 3851
5695 1177
5696 1501
5697 1795
5698 1453
5699 3279
5700 4862
5701 6245
5702 6341
5703 3960
5704 5974
5705 9141
5706 9089
5707 7167
5708 7102
5709 1249
5710 6458
5711 5322
5712 1327
5713 3791
5714 7187
5715 117
5716 3923
5717 2608
5718 5902
5719 6727
5720 4471
5721 3078
5722 7563
5723 5215
5724 6571
5725 972
5726 3342
5727 5162
5728 6055
5729 351
5730 6847
5731 624
5732 344
5733 9015
5734 3883
5735 8795
5736 2073
5737 8009
5738 9150
5739 8817
5740 1369
5741 5742
5742 2966
5743 3329
5744 2451
5745 963
5746 2478
5747 1738
5748 7215
5749 5748
5750 7214
5751 1782
5752 3067
5753 6354
5754 5879
5755 2270
5756 970
5757 4885
5758 1697
5759 892
5760 6249
5761 4024
5762 4861
5763 2718
5764 1667
5765 5633
5766 3383
5767 5550
5768 1778
5769 4040
5770 3698
5771 1207
5772 4941
5773 5774
5774 1502
5775 3231
5776 4140
5777 3969
5778 724
5779 7627
5780 3813
5781 7911
5782 2404
5783 3106
5784 3539
5785 3499
5786 4596
5787 7334
5788 4410
5789 6997
5790 5780
5791 6026
5792 8104
5793 2416
5794 3687
5795 5020
5796 6958
5797 6683
5798 5527
5799 5793
5800 260
5801 4628
5802 4743
5803 1400
5804 5407
5805 3346
5806 3107
5807 3981
5808 8989
5809 5020
5810 1758
5811 5469
5812 8858
5813 2553
5814 5395
5815 2739
5816 472
5817 6030
5818 6562
5819 220
5820 5386
5821 1538
5822 7106
5823 2387
5824 6908
5825 2289
5826 5409
5827 575
5828 1566
5829 3906
5830 3799
5831 188
5832 349
5833 5499
5834 4530
5835 1613
5836 9097
5837 2489
5838 8011
5839 4478
5840 2992
5841 4322
5842 4459
5843 7627
5844 4012
5845 5418
5846 6628
5847 7523
5848 6106
5849 5492
5850 4438
5851 6432
5852 2456
5853 8938
5854 2432
5855 9006
5856 1974
5857 3473
5858 532
5859 4309
5860 63
5861 5284
5862 5598
5863 4927
5864 6946
5865 735
5866 2929
5867 4125
5868 4122
5869 8057
5870 3654
5871 6473
5872 4723
5873 2849
5874 1581
5875 183
5876 5867
5877 2731
5878 3819
5879 8693
5880 4484
5881 9131
5882 7534
5883 1567
5884 7776
5885 6377
5886 2557
5887 4869
5888 1470
5889 5984
5890 6700
5891 7014
5892 3665
5893 7498
5894 5189
5895 2611
5896 4080
5897 8088
5898 7672
5899 3314
5900 5880
5901 8499
5902 1799
5903 3054
5904 2718
5905 7898
5906 3115
5907 4641
5908 5135
5909 7849
5910 3406
5911 8074
5912 3825
5913 2761
5914 6748
5915 7970
5916 6495
5917 4414
5918 2706
5919 7365
5920 3086
5921 6879
5922 953
5923 2512
5924 7901
5925 8852
5926 862
5927 5333
5928 1554
5929 8582
5930 7217
5931 6994
5932 7513
5933 2677
5934 4623
5935 4400
5936 2378
5937 7390
5938 4431
5939 2045
5940 5626
5941 2669
5942 6077
5943 5483
5944 1594
5945 4869
5946 7276
5947 8238
5948 4638
5949 7495
5950 1441
5951 5958
5952 4136
5953 2295
5954 6796
5955 2000
5956 671
5957 2129
5958 5951
5959 3445
5960 3805
5961 976
5962 633
5963 8790
5964 60
5965 7847
5966 6379
5967 6056
5968 8708
5969 6351
5970 605
5971 1871
5972 6378
5973 8601
5974 8385
5975 6962
5976 618
5977 9127
5978 8476
5979 3302
5980 557
5981 4969
5982 5190
5983 8476
5984 4528
5985 5986
5986 5985
5987 8108
5988 9283
5989 8614
5990 2437
5991 1784
5992 3316
5993 5994
5994 5993
5995 4190
5996 1014
5997 2112
5998 6067
5999 6632
6000 9223
6001 3860
6002 3837
6003 5102
6004 9049
6005 7896
6006 7533
6007 2951
6008 2951
6009 7636
6010 2290
6011 6009
6012 7674
6013 3678
6014 8806
6015 6980
6016 8789
6017 5033
6018 6019
6019 6020
6020 6019
6021 6400
6022 866
6023 668
6024 2534
6025 746
6026 1482
6027 6028
6028 6027
6029 6020
6030 7608
6031 5601
6032 1475
6033 4930
6034 5033
6035 2035
6036 4442
6037 8234
6038 6039
6039 6038
6040 2739
6041 9082
6042 6047
6043 6047
6044 9133
6045 654
6046 9197
6047 6042
6048 1738
6049 3918
6050 5916
6051 8845
6052 6967
6053 2594
6054 1313
6055 5728
6056 5967
6057 5591
6058 558
6059 39
6060 2947
6061 3912
6062 6063
6063 6062
6064 5204
6065 1096
6066 1471
6067 7136
6068 861
6069 6302
6070 2839
6071 1322
6072 8079
6073 6822
6074 4506
6075 6077
6076 4441
6077 6075
6078 5446
6079 5769
6080 7901
6081 7081
6082 7901
6083 7466
6084 8728
6085 7685
6086 4230
6087 5978
6088 884
6089 3361
6090 1549
6091 3757
6092 8568
6093 7166
6094 1193
6095 4721
6096 1343
6097 6661
6098 2216
6099 1032
6100 263
6101 8792
6102 759
6103 7521
6104 5591
6105 333
6106 9154
6107 7999
6108 8989
6109 4413
6110 1407
6111 5609
6112 7624
6113 1623
6114 1798
6115 4422
6116 1641
6117 764
6118 5516
6119 1125
6120 5141
6121 7276
6122 6936
6123 8694
6124 4041
6125 6126
6126 6125
6127 3385
6128 7914
6129 1766
6130 1475
6131 4050
6132 6675
6133 8755
6134 4039
6135 4076
6136 741
6137 6156
6138 4244
6139 8795
6140 2923
6141 7171
6142 3922
6143 4326
6144 7091
6145 7869
6146 2153
6147 1851
6148 6149
6149 3165
6150 4468
6151 8194
6152 170
6153 110
6154 2807
6155 5733
6156 6137
6157 2920
6158 4205
6159 4550
6160 7619
6161 6741
6162 2884
6163 4556
6164 3982
6165 821
6166 6676
6167 2928
6168 1486
6169 5205
6170 7693
6171 2991
6172 2885
6173 376
6174 877
6175 538
6176 8118
6177 2928
6178 874
6179 933
6180 5415
6181 6007
6182 9206
6183 2457
6184 4882
6185 6784
6186 6187
6187 6186
6188 5618
6189 7971
6190 5169
6191 3063
6192 5458
6193 8665
6194 166
6195 7312
6196 8364
6197 7891
6198 1753
6199 1551
6200 984
6201 7084
6202 1569
6203 9270
6204 2367
6205 4554
6206 6205
6207 1057
6208 6688
6209 9109
6210 5645
6211 952
6212 8077
6213 3594
6214 4578
6215 5423
6216 7961
6217 7478
6218 5683
6219 2076
6220 7439
6221 9119
6222 671
6223 7887
6224 3284
6225 7735
6226 6621
6227 4916
6228 6154
6229 4482
6230 6565
6231 632
6232 9135
6233 7605
6234 1604
6235 6496
6236 3443
6237 1754
6238 3173
6239 9125
6240 8858
6241 5479
6242 3832
6243 4324
6244 6994
6245 8860
6246 8948
6247 1628
6248 8241
6249 5760
6250 9138
6251 7730
6252 290
6253 9140
6254 1195
6255 4349
6256 3966
6257 9138
6258 4385
6259 6357
6260 6486
6261 2339
6262 2770
6263 1402
6264 8106
6265 2782
6266 3844
6267 2581
6268 9276
6269 7157
6270 8021
6271 9217
6272 4988
6273 3916
6274 5372
6275 8750
6276 1724
6277 5225
6278 9073
6279 8981
6280 4828
6281 1311
6282 82
6283 6926
6284 625
6285 8274
6286 8583
6287 1709
6288 4860
6289 6680
6290 3750
6291 8938
6292 5074
6293 7756
6294 8949
6295 3582
6296 2423
6297 5257
6298 3865
6299 1131
6300 90
6301 8011
6302 6069
6303 3924
6304 1295
6305 6716
6306 7283
6307 2785
6308 1
6309 4477
6310 3513
6311 8997
6312 8987
6313 2949
6314 1581
6315 8493
6316 3564
6317 8133
6318 4418
6319 3020
6320 2580
6321 4801
6322 7057
6323 7452
6324 4638
6325 6994
6326 991
6327 8493
6328 5894
6329 6733
6330 5298
6331 9222
6332 4941
6333 2850
6334 3552
6335 8856
6336 7496
6337 7927
6338 1407
6339 166
6340 1444
6341 5143
6342 3423
6343 6098
6344 404
6345 1381
6346 7612
6347 218
6348 6367
6349 7531
6350 9021
6351 3479
6352 2423
6353 2653
6354 3172
6355 2753
6356 9294
6357 1146
6358 3284
6359 5818
6360 6933
6361 2058
6362 3999
6363 5110
6364 840
6365 1787
6366 6586
6367 6348
6368 267
6369 1979
6370 3391
6371 5916
6372 621
6373 7168
6374 8421
6375 8842
6376 3260
6377 3397
6378 5972
6379 2190
6380 7045
6381 5789
6382 2212
6383 8175
6384 2243
6385 8705
6386 498
6387 5924
6388 7483
6389 953
6390 1021
6391 6462
6392 8996
6393 1238
6394 3859
6395 6524
6396 9159
6397 4496
6398 6038
6399 4876
6400 2351
6401 1947
6402 6091
6403 7103
6404 7127
6405 8370
6406 1679
6407 77
6408 4578
6409 6532
6410 3167
6411 1986
6412 4721
6413 2970
6414 4447
6415 3822
6416 3584
6417 3179
6418 7207
6419 4388
6420 707
6421 1519
6422 6404
6423 6516
6424 3305
6425 3672
6426 4552
6427 325
6428 3413
6429 5322
6430 6664
6431 9151
6432 5851
6433 3222
6434 5710
6435 6668
6436 1469
6437 1114
6438 8764
6439 6506
6440 2518
6441 8768
6442 9081
6443 2302
6444 6995
6445 7837
6446 2522
6447 9035
6448 864
6449 3243
6450 6601
6451 7235
6452 6619
6453 7922
6454 3708
6455 8946
6456 5320
6457 4362
6458 1031
6459 6625
6460 2327
6461 8791
6462 2625
6463 3898
6464 5171
6465 2892
6466 6909
6467 5613
6468 8227
6469 3484
6470 7098
6471 6839
6472 2345
6473 5871
6474 2302
6475 1758
6476 5267
6477 7869
6478 7021
6479 4960
6480 9073
6481 4821
6482 2548
6483 8937
6484 1189
6485 3152
6486 3821
6487 817
6488 327
6489 1548
6490 1117
6491 707
6492 6679
6493 4171
6494 87
6495 1119
6496 6235
6497 3924
6498 8487
6499 160
6500 7894
6501 6672
6502 7238
6503 5681
6504 5401
6505 2774
6506 3977
6507 15
6508 4966
6509 5143
6510 1705
6511 7338
6512 1530
6513 7217
6514 8359
6515 7975
6516 881
6517 616
6518 3483
6519 755
6520 2244
6521 9261
6522 4532
6523 329
6524 8713
6525 3511
6526 5024
6527 2579
6528 8001
6529 3823
6530 2926
6531 6525
6532 4487
6533 2924
6534 1900
6535 2815
6536 3002
6537 7381
6538 641
6539 1978
6540 1031
6541 4828
6542 6634
6543 7243
6544 2063
6545 5182
6546 7441
6547 3847
6548 4719
6549 593
6550 2556
6551 6656
6552 9118
6553 6952
6554 5736
6555 8643
6556 659
6557 1409
6558 6205
6559 1606
6560 4021
6561 1508
6562 3601
6563 1560
6564 2021
6565 6230
6566 3968
6567 6780
6568 2368
6569 1474
6570 5829
6571 5724
6572 7373
6573 1993
6574 1529
6575 812
6576 725
6577 1952
6578 6038
6579 1903
6580 8712
6581 2411
6582 3397
6583 947
6584 6947
6585 5674
6586 6366
6587 6287
6588 327
6589 617
6590 5393
6591 8806
6592 3697
6593 8839
6594 4145
6595 5509
6596 4885
6597 1113
6598 5067
6599 2276
6600 9260
6601 612
6602 309
6603 6138
6604 4121
6605 4848
6606 5578
6607 8903
6608 5418
6609 1851
6610 5979
6611 7962
6612 2474
6613 5750
6614 5674
6615 6502
6616 89
6617 7089
6618 4647
6619 6452
6620 569
6621 6965
6622 8076
6623 2659
6624 3701
6625 1617
6626 6668
6627 8898
6628 7975
6629 4310
6630 5552
6631 4741
6632 6634
6633 5419
6634 6632
6635 4968
6636 5046
6637 7245
6638 6066
6639 6778
6640 6736
6641 9103
6642 3333
6643 6644
6644 6643
6645 4228
6646 7079
6647 2524
6648 7293
6649 6976
6650 7550
6651 3492
6652 4285
6653 179
6654 8456
6655 8453
6656 1166
6657 5565
6658 1218
6659 8694
6660 191
6661 6097
6662 8592
6663 8490
6664 7635
6665 2519
6666 953
6667 6389
6668 6536
6669 3002
6670 2894
6671 1400
6672 6501
6673 5785
6674 7153
6675 2598
6676 5681
6677 8303
6678 6679
6679 6492
6680 6289
6681 2919
6682 3383
6683 254
6684 7202
6685 4932
6686 3139
6687 207
6688 6208
6689 5335
6690 4492
6691 7498
6692 3176
6693 7992
6694 4771
6695 679
6696 6391
6697 7595
6698 7479
6699 353
6700 6992
6701 3238
6702 5631
6703 1085
6704 5406
6705 1040
6706 4183
6707 745
6708 625
6709 4059
6710 1050
6711 340
6712 143
6713 5218
6714 5055
6715 8138
6716 3013
6717 6901
6718 9277
6719 6718
6720 2533
6721 6722
6722 8899
6723 5062
6724 5071
6725 1609
6726 6557
6727 8160
6728 7390
6729 5645
6730 9060
6731 3440
6732 5643
6733 2168
6734 1485
6735 550
6736 6643
6737 632
6738 2047
6739 373
6740 683
6741 6740
6742 5644
6743 4251
6744 6209
6745 4459
6746 147
6747 1201
6748 8857
6749 5633
6750 7187
6751 7513
6752 4929
6753 4539
6754 3414
6755 5155
6756 8506
6757 1988
6758 6759
6759 3
6760 3637
6761 5809
6762 6763
6763 7385
6764 739
6765 4087
6766 1014
6767 3651
6768 7125
6769 115
6770 1550
6771 2015
6772 8614
6773 3012
6774 8264
6775 2009
6776 7666
6777 4493
6778 3016
6779 1373
6780 8620
6781 8506
6782 1692
6783 7315
6784 6185
6785 2879
6786 3741
6787 5446
6788 4646
6789 1573
6790 8860
6791 6067
6792 9199
6793 8812
6794 8311
6795 4152
6796 5044
6797 6596
6798 6049
6799 677
6800 6259
6801 6283
6802 2171
6803 1334
6804 7466
6805 1999
6806 6161
6807 884
6808 6500
6809 4250
6810 8031
6811 8980
6812 1191
6813 1957
6814 4
6815 6020
6816 4842
6817 8367
6818 1566
6819 2384
6820 3756
6821 1595
6822 6170
6823 5953
6824 5630
6825 471
6826 542
6827 141
6828 6072
6829 5581
6830 3716
6831 492
6832 6583
6833 761
6834 12
6835 8510
6836 6181
6837 2627
6838 8112
6839 6471
6840 7682
6841 2961
6842 6843
6843 6842
6844 1597
6845 3653
6846 745
6847 5730
6848 8111
6849 829
6850 8159
6851 2435
6852 9048
6853 2437
6854 6724
6855 2401
6856 5453
6857 2351
6858 6642
6859 5624
6860 2932
6861 1816
6862 2357
6863 4370
6864 6757
6865 4289
6866 772
6867 5615
6868 6935
6869 8657
6870 428
6871 6149
6872 4300
6873 2803
6874 2401
6875 7386
6876 974
6877 5407
6878 8733
6879 8704
6880 7382
6881 4858
6882 7671
6883 1990
6884 7516
6885 5867
6886 774
6887 3218
6888 6771
6889 6890
6890 6889
6891 4459
6892 639
6893 333
6894 1587
6895 8373
6896 8263
6897 2137
6898 5369
6899 5504
6900 3861
6901 6717
6902 17
6903 6151
6904 6540
6905 4438
6906 9258
6907 2288
6908 1528
6909 874
6910 4285
6911 4190
6912 8013
6913 8899
6914 6301
6915 1833
6916 3718
6917 6387
6918 3454
6919 1495
6920 1830
6921 1262
6922 3279
6923 3337
6924 8976
6925 2736
6926 6283
6927 6484
6928 865
6929 2761
6930 4119
6931 8536
6932 1907
6933 6360
6934 5583
6935 1692
6936 2632
6937 8985
6938 6943
6939 952
6940 2446
6941 7067
6942 244
6943 465
6944 3473
6945 1463
6946 2071
6947 6584
6948 4013
6949 9138
6950 1630
6951 3887
6952 6553
6953 7441
6954 7982
6955 1534
6956 7777
6957 8512
6958 5796
6959 210
6960 3772
6961 6879
6962 5975
6963 6287
6964 1718
6965 6621
6966 7461
6967 8782
6968 1192
6969 8704
6970 9051
6971 45
6972 1667
6973 5409
6974 5398
6975 8153
6976 6649
6977 6597
6978 7842
6979 6588
6980 6015
6981 8045
6982 1288
6983 1930
6984 6951
6985 81
6986 770
6987 8962
6988 6333
6989 1673
6990 3317
6991 213
6992 1187
6993 644
6994 6645
6995 1903
6996 7745
6997 5789
6998 4420
6999 5076
7000 4921
7001 9277
7002 7493
7003 7364
7004 1336
7005 6842
7006 9033
7007 5245
7008 4837
7009 6714
7010 1751
7011 3171
7012 3420
7013 3965
7014 1215
7015 9247
7016 1697
7017 1276
7018 1352
7019 5552
7020 5925
7021 697
7022 3069
7023 5753
7024 8055
7025 571
7026 6184
7027 2389
7028 6550
7029 619
7030 1508
7031 4661
7032 8255
7033 8766
7034 4223
7035 4503
7036 5273
7037 7797
7038 7278
7039 841
7040 3534
7041 8206
7042 4252
7043 6561
7044 9189
7045 541
7046 5578
7047 5148
7048 6197
7049 2447
7050 8088
7051 5666
7052 7777
7053 5809
7054 8057
7055 5917
7056 4550
7057 6418
7058 104
7059 3962
7060 8746
7061 8484
7062 580
7063 6985
7064 7322
7065 4632
7066 3635
7067 2216
7068 1378
7069 415
7070 8465
7071 1649
7072 2580
7073 8365
7074 5622
7075 7068
7076 9137
7077 8475
7078 7683
7079 1122
7080 7081
7081 5372
7082 7081
7083 2163
7084 1408
7085 5326
7086 7087
7087 1628
7088 7917
7089 6617
7090 2858
7091 6144
7092 8253
7093 7337
7094 1320
7095 7814
7096 8741
7097 7379
7098 6470
7099 8900
7100 611
7101 193
7102 3838
7103 6337
7104 2099
7105 1629
7106 2392
7107 313
7108 610
7109 2096
7110 9209
7111 7113
7112 2158
7113 7111
7114 1603
7115 536
7116 5304
7117 7907
7118 6105
7119 1484
7120 4196
7121 5304
7122 5245
7123 8704
7124 1746
7125 193
7126 6148
7127 6404
7128 2941
7129 3963
7130 5003
7131 4438
7132 1009
7133 6596
7134 7965
7135 6627
7136 3966
7137 256
7138 3972
7139 1664
7140 5978
7141 1629
7142 3974
7143 5569
7144 268
7145 504
7146 7269
7147 2905
7148 7481
7149 3573
7150 8203
7151 5435
7152 4088
7153 6674
7154 2551
7155 2897
7156 92
7157 267
7158 5109
7159 4940
7160 696
7161 6652
7162 4556
7163 8509
7164 9258
7165 386
7166 6093
7167 8388
7168 2386
7169 9206
7170 9230
7171 1957
7172 2509
7173 7635
7174 7175
7175 7174
7176 3268
7177 2908
7178 8657
7179 7580
7180 7995
7181 961
7182 1604
7183 7706
7184 7342
7185 7369
7186 2991
7187 5714
7188 8734
7189 4486
7190 1187
7191 6343
7192 5386
7193 7912
7194 3141
7195 4039
7196 9021
7197 8667
7198 5082
7199 892
7200 6043
7201 9140
7202 8456
7203 3320
7204 5195
7205 4410
7206 8364
7207 6418
7208 8517
7209 3215
7210 2442
7211 2244
7212 5009
7213 9284
7214 2379
7215 3343
7216 9284
7217 9285
7218 1674
7219 8134
7220 8926
7221 1001
7222 9010
7223 7322
7224 5725
7225 3350
7226 7386
7227 3666
7228 5987
7229 1541
7230 3345
7231 3217
7232 3893
7233 7134
7234 7538
7235 1937
7236 4689
7237 3966
7238 6502
7239 5638
7240 5076
7241 2964
7242 9078
7243 4191
7244 2422
7245 7554
7246 1451
7247 5811
7248 1237
7249 3797
7250 5123
7251 4372
7252 2990
7253 9031
7254 548
7255 6519
7256 5672
7257 4438
7258 7891
7259 9128
7260 6799
7261 360
7262 1805
7263 5367
7264 4860
7265 3062
7266 7269
7267 3012
7268 6306
7269 8698
7270 7060
7271 3172
7272 5377
7273 7362
7274 7386
7275 3527
7276 5946
7277 7283
7278 1508
7279 5914
7280 7288
7281 7283
7282 1975
7283 1975
7284 6852
7285 1182
7286 681
7287 5362
7288 8362
7289 5992
7290 7215
7291 3710
7292 5197
7293 6032
7294 7292
7295 6243
7296 865
7297 372
7298 1635
7299 987
7300 3690
7301 3257
7302 7238
7303 3943
7304 8692
7305 479
7306 7671
7307 8654
7308 5977
7309 5635
7310 2181
7311 6195
7312 6195
7313 7828
7314 2637
7315 6783
7316 3693
7317 8734
7318 1451
7319 2909
7320 5033
7321 2346
7322 7223
7323 8341
7324 134
7325 8653
7326 8895
7327 5979
7328 1960
7329 2583
7330 8790
7331 8421
7332 8738
7333 8510
7334 1635
7335 2098
7336 9130
7337 8862
7338 6511
7339 906
7340 1694
7341 8055
7342 6007
7343 8015
7344 2775
7345 6842
7346 4469
7347 8667
7348 3049
7349 7008
7350 333
7351 5478
7352 3315
7353 3170
7354 1090
7355 7175
7356 4969
7357 3028
7358 1546
7359 4928
7360 1504
7361 8372
7362 7722
7363 2591
7364 7003
7365 7382
7366 3512
7367 5159
7368 762
7369 7185
7370 2581
7371 8894
7372 2203
7373 4178
7374 4923
7375 5479
7376 1806
7377 7831
7378 2237
7379 7097
7380 2932
7381 1705
7382 7365
7383 1720
7384 7784
7385 6763
7386 7274
7387 2537
7388 7188
7389 1153
7390 6728
7391 4048
7392 3617
7393 5150
7394 5383
7395 3745
7396 3543
7397 2928
7398 2781
7399 3511
7400 5008
7401 4255
7402 5031
7403 7404
7404 7403
7405 4924
7406 207
7407 5978
7408 7409
7409 7408
7410 2448
7411 4479
7412 5324
7413 2999
7414 5365
7415 7210
7416 100
7417 3613
7418 3002
7419 258
7420 8657
7421 59
7422 2720
7423 4756
7424 3720
7425 6069
7426 8712
7427 1959
7428 8859
7429 2524
7430 2992
7431 2795
7432 1127
7433 1023
7434 7435
7435 7967
7436 3087
7437 3216
7438 872
7439 5103
7440 9078
7441 6953
7442 7443
7443 7442
7444 1199
7445 6475
7446 2171
7447 9235
7448 3285
7449 6441
7450 4085
7451 928
7452 3054
7453 4961
7454 1584
7455 7448
7456 5579
7457 8517
7458 5597
7459 1778
7460 1475
7461 6966
7462 3847
7463 7837
7464 1564
7465 3163
7466 6083
7467 9231
7468 4777
7469 4935
7470 2996
7471 9035
7472 1343
7473 2636
7474 7096
7475 4378
7476 4505
7477 2864
7478 9166
7479 8732
7480 1596
7481 7148
7482 3715
7483 6388
7484 7956
7485 3307
7486 6339
7487 696
7488 2161
7489 8857
7490 6784
7491 2866
7492 2870
7493 664
7494 7496
7495 3599
7496 7494
7497 7850
7498 7747
7499 1306
7500 2178
7501 9186
7502 7263
7503 7618
7504 8178
7505 8763
7506 4331
7507 56
7508 6658
7509 7929
7510 5614
7511 3385
7512 7510
7513 7909
7514 5759
7515 9010
7516 121
7517 246
7518 9150
7519 443
7520 2076
7521 7522
7522 7521
7523 9128
7524 315
7525 2813
7526 7758
7527 7315
7528 7824
7529 3688
7530 7614
7531 5148
7532 4009
7533 6006
7534 5882
7535 2820
7536 8614
7537 7018
7538 7537
7539 2616
7540 3545
7541 9275
7542 7873
7543 669
7544 1863
7545 17
7546 2754
7547 8882
7548 4661
7549 1199
7550 6650
7551 6004
7552 7244
7553 4307
7554 1715
7555 7819
7556 9025
7557 3594
7558 2619
7559 6453
7560 504
7561 8701
7562 4484
7563 471
7564 6876
7565 4953
7566 8321
7567 8718
7568 427
7569 427
7570 7800
7571 5317
7572 3657
7573 6894
7574 3243
7575 5450
7576 4758
7577 7798
7578 471
7579 9297
7580 2409
7581 2599
7582 1045
7583 536
7584 5151
7585 42
7586 1236
7587 7095
7588 7214
7589 4291
7590 536
7591 7592
7592 7591
7593 1724
7594 685
7595 6697
7596 8497
7597 2408
7598 1671
7599 173
7600 8045
7601 6182
7602 2382
7603 5837
7604 1808
7605 6233
7606 6633
7607 4818
7608 3953
7609 319
7610 389
7611 178
7612 4170
7613 7620
7614 7530
7615 7188
7616 290
7617 5205
7618 8886
7619 1357
7620 3348
7621 3756
7622 4911
7623 9263
7624 9021
7625 7873
7626 509
7627 5843
7628 580
7629 3470
7630 5295
7631 3166
7632 4818
7633 5171
7634 9035
7635 6664
7636 6009
7637 6490
7638 1825
7639 233
7640 5716
7641 993
7642 5080
7643 8155
7644 4932
7645 2908
7646 940
7647 1746
7648 580
7649 7777
7650 7285
7651 865
7652 3977
7653 9129
7654 4826
7655 2348
7656 7082
7657 7685
7658 222
7659 1377
7660 1251
7661 764
7662 2085
7663 1479
7664 2524
7665 5359
7666 3615
7667 3339
7668 8139
7669 7624
7670 7850
7671 4062
7672 5898
7673 7339
7674 6012
7675 840
7676 7976
7677 5638
7678 7873
7679 5732
7680 5365
7681 1214
7682 479
7683 7681
7684 2521
7685 6085
7686 6085
7687 6633
7688 6233
7689 2111
7690 955
7691 2769
7692 7157
7693 1444
7694 9043
7695 5884
7696 7026
7697 7698
7698 7697
7699 2328
7700 759
7701 7700
7702 7167
7703 7899
7704 9045
7705 6071
7706 7183
7707 957
7708 4850
7709 1585
7710 3126
7711 7380
7712 7699
7713 169
7714 484
7715 176
7716 4597
7717 333
7718 7288
7719 3719
7720 1212
7721 682
7722 7362
7723 5105
7724 2540
7725 6342
7726 1224
7727 2193
7728 6414
7729 4537
7730 6026
7731 1896
7732 235
7733 6926
7734 8047
7735 4336
7736 7916
7737 548
7738 9089
7739 3653
7740 9079
7741 4486
7742 5527
7743 3515
7744 1597
7745 2878
7746 9019
7747 7498
7748 1552
7749 2165
7750 6772
7751 1115
7752 7892
7753 7322
7754 8045
7755 619
7756 5048
7757 499
7758 7526
7759 7567
7760 6964
7761 362
7762 6540
7763 4772
7764 1105
7765 1795
7766 1756
7767 4536
7768 7403
7769 1621
7770 3315
7771 425
7772 3662
7773 3019
7774 4700
7775 1854
7776 5884
7777 5442
7778 1148
7779 1303
7780 5223
7781 1022
7782 5490
7783 3910
7784 1545
7785 1125
7786 2285
7787 4374
7788 7790
7789 7790
7790 7789
7791 7090
7792 148
7793 902
7794 3963
7795 1367
7796 4582
7797 7037
7798 7577
7799 3223
7800 8681
7801 819
7802 1754
7803 813
7804 8973
7805 7742
7806 1203
7807 2871
7808 1296
7809 2386
7810 4761
7811 3684
7812 2402
7813 6285
7814 7095
7815 3980
7816 9261
7817 8296
7818 8297
7819 8298
7820 8299
7821 8300
7822 1943
7823 2942
7824 5582
7825 503
7826 1263
7827 3206
7828 612
7829 2437
7830 8549
7831 1540
7832 1647
7833 5062
7834 7982
7835 2357
7836 6891
7837 7463
7838 747
7839 4953
7840 3141
7841 1677
7842 6978
7843 6978
7844 7845
7845 7844
7846 227
7847 4204
7848 785
7849 6034
7850 3984
7851 1105
7852 7696
7853 2085
7854 8353
7855 502
7856 8003
7857 8323
7858 2188
7859 3057
7860 9019
7861 4042
7862 3404
7863 8837
7864 6165
7865 453
7866 6004
7867 6017
7868 442
7869 6477
7870 2120
7871 5985
7872 3192
7873 7542
7874 6352
7875 1856
7876 1991
7877 8553
7878 3093
7879 3454
7880 1136
7881 3176
7882 3560
7883 3140
7884 6757
7885 6062
7886 1358
7887 658
7888 2460
7889 6058
7890 4139
7891 6197
7892 6008
7893 8753
7894 6500
7895 3118
7896 5435
7897 7782
7898 5905
7899 9163
7900 1098
7901 8362
7902 8698
7903 7350
7904 7902
7905 5208
7906 3289
7907 2292
7908 2613
7909 2326
7910 1988
7911 7939
7912 7193
7913 2522
7914 6128
7915 7302
7916 2369
7917 1861
7918 5586
7919 8076
7920 79
7921 8370
7922 6453
7923 4693
7924 8052
7925 975
7926 1573
7927 3838
7928 4973
7929 2775
7930 7745
7931 8899
7932 4465
7933 7149
7934 6870
7935 7937
7936 6804
7937 7935
7938 5645
7939 7911
7940 8250
7941 1451
7942 7199
7943 3996
7944 8219
7945 7946
7946 7945
7947 3629
7948 8514
7949 8065
7950 682
7951 5230
7952 6844
7953 1662
7954 5072
7955 9225
7956 8110
7957 1233
7958 7243
7959 372
7960 955
7961 1010
7962 6611
7963 3883
7964 1712
7965 7134
7966 8444
7967 5641
7968 7930
7969 543
7970 4551
7971 6189
7972 1179
7973 3968
7974 4303
7975 8320
7976 7676
7977 8133
7978 1681
7979 4531
7980 1708
7981 1592
7982 6954
7983 8042
7984 774
7985 3987
7986 7647
7987 1858
7988 3109
7989 7366
7990 2761
7991 7164
7992 6693
7993 3268
7994 4398
7995 1772
7996 5659
7997 2658
7998 4058
7999 6107
8000 1363
8001 1372
8002 9181
8003 7856
8004 3484
8005 3693
8006 6475
8007 1255
8008 958
8009 5737
8010 5990
8011 7123
8012 7871
8013 7433
8014 5509
8015 3184
8016 7499
8017 146
8018 6865
8019 5610
8020 3116
8021 6270
8022 1462
8023 676
8024 5265
8025 224
8026 5850
8027 1843
8028 7220
8029 6105
8030 9286
8031 5084
8032 9281
8033 6509
8034 1911
8035 955
8036 3976
8037 8034
8038 8571
8039 2709
8040 7484
8041 2390
8042 6195
8043 1820
8044 4673
8045 7600
8046 1578
8047 958
8048 23
8049 5361
8050 632
8051 1247
8052 8881
8053 2433
8054 1520
8055 7024
8056 6694
8057 596
8058 5069
8059 2854
8060 1851
8061 973
8062 844
8063 5256
8064 2011
8065 7949
8066 5580
8067 3256
8068 2882
8069 5988
8070 7859
8071 8519
8072 4472
8073 1495
8074 1171
8075 4040
8076 1224
8077 6212
8078 4722
8079 6072
8080 154
8081 8758
8082 957
8083 8966
8084 8086
8085 7616
8086 8084
8087 4408
8088 3161
8089 6765
8090 8701
8091 7088
8092 8093
8093 8092
8094 8545
8095 3852
8096 3144
8097 5924
8098 165
8099 4862
8100 3170
8101 7827
8102 962
8103 7551
8104 8168
8105 8731
8106 6264
8107 177
8108 5987
8109 9105
8110 2212
8111 6848
8112 6838
8113 2756
8114 6093
8115 85
8116 2378
8117 23
8118 3867
8119 3349
8120 4340
8121 8894
8122 4280
8123 8484
8124 9062
8125 8499
8126 4601
8127 8130
8128 5758
8129 6088
8130 672
8131 9007
8132 3492
8133 7977
8134 7219
8135 280
8136 4128
8137 2433
8138 5056
8139 1466
8140 7162
8141 6787
8142 3176
8143 497
8144 7102
8145 8511
8146 1795
8147 6727
8148 6051
8149 5542
8150 1546
8151 5203
8152 3155
8153 4756
8154 7647
8155 544
8156 5717
8157 5610
8158 619
8159 9110
8160 6727
8161 4519
8162 4643
8163 4867
8164 5597
8165 3519
8166 2171
8167 8428
8168 8104
8169 1145
8170 1107
8171 2188
8172 1325
8173 110
8174 2049
8175 8321
8176 4090
8177 847
8178 7504
8179 1221
8180 1964
8181 3676
8182 3962
8183 9252
8184 844
8185 5629
8186 8069
8187 1182
8188 2746
8189 2534
8190 8055
8191 2817
8192 5404
8193 1576
8194 6151
8195 5167
8196 3010
8197 7941
8198 7930
8199 2227
8200 6080
8201 2181
8202 8203
8203 7150
8204 9168
8205 5959
8206 1835
8207 4628
8208 1001
8209 8351
8210 1002
8211 5656
8212 338
8213 3002
8214 1903
8215 8860
8216 5503
8217 3424
8218 7527
8219 8417
8220 5326
8221 8136
8222 1705
8223 7310
8224 5263
8225 1410
8226 412
8227 4852
8228 3881
8229 2648
8230 6654
8231 3991
8232 6488
8233 5296
8234 6037
8235 935
8236 2062
8237 659
8238 2755
8239 4544
8240 1677
8241 8734
8242 3553
8243 1413
8244 8193
8245 2400
8246 870
8247 8276
8248 6660
8249 617
8250 7940
8251 4189
8252 8898
8253 8431
8254 9290
8255 4048
8256 2373
8257 615
8258 7967
8259 6751
8260 7712
8261 2049
8262 3991
8263 1470
8264 8128
8265 4473
8266 4195
8267 7154
8268 4911
8269 4818
8270 2156
8271 8257
8272 7432
8273 9178
8274 6285
8275 7395
8276 2934
8277 4973
8278 560
8279 2295
8280 5082
8281 1413
8282 2590
8283 5832
8284 3605
8285 3637
8286 2624
8287 1707
8288 8289
8289 8288
8290 2782
8291 2267
8292 550
8293 7191
8294 4042
8295 3555
8296 7817
8297 7818
8298 7819
8299 7820
8300 7821
8301 407
8302 6717
8303 8950
8304 7118
8305 6371
8306 1890
8307 7725
8308 2060
8309 1788
8310 1838
8311 6794
8312 1956
8313 7774
8314 4626
8315 9264
8316 3517
8317 8318
8318 8317
8319 7029
8320 7975
8321 3800
8322 2892
8323 2901
8324 2260
8325 1993
8326 6056
8327 5471
8328 415
8329 5257
8330 8734
8331 2170
8332 4231
8333 1169
8334 6271
8335 5479
8336 3444
8337 3701
8338 5960
8339 4527
8340 5388
8341 7323
8342 8100
8343 1754
8344 2732
8345 2936
8346 4087
8347 133
8348 2481
8349 6578
8350 600
8351 3643
8352 5193
8353 4742
8354 3524
8355 280
8356 8323
8357 6112
8358 9037
8359 2315
8360 4438
8361 1032
8362 4438
8363 7309
8364 6196
8365 8367
8366 5320
8367 8365
8368 1976
8369 1976
8370 7921
8371 232
8372 7361
8373 7360
8374 5364
8375 1857
8376 1910
8377 5421
8378 8693
8379 7263
8380 5507
8381 6401
8382 1527
8383 5395
8384 3366
8385 5974
8386 7783
8387 3316
8388 7167
8389 5630
8390 84
8391 1031
8392 1597
8393 5901
8394 2626
8395 5053
8396 9179
8397 2420
8398 8396
8399 8234
8400 2441
8401 8417
8402 7104
8403 4239
8404 886
8405 6474
8406 624
8407 7744
8408 5861
8409 6871
8410 8584
8411 2616
8412 174
8413 8562
8414 7139
8415 375
8416 7843
8417 8219
8418 6548
8419 888
8420 2449
8421 6374
8422 4063
8423 8818
8424 1516
8425 9031
8426 3947
8427 2612
8428 3332
8429 6983
8430 5070
8431 8253
8432 9034
8433 2305
8434 7566
8435 4807
8436 5524
8437 1673
8438 7373
8439 8441
8440 6652
8441 8439
8442 6684
8443 2474
8444 7966
8445 8378
8446 3280
8447 3240
8448 1337
8449 1994
8450 825
8451 7606
8452 1789
8453 1706
8454 6614
8455 6672
8456 7202
8457 986
8458 8684
8459 5034
8460 8902
8461 3175
8462 4170
8463 4429
8464 8076
8465 1369
8466 4262
8467 8712
8468 6693
8469 3334
8470 3251
8471 1472
8472 262
8473 1385
8474 8810
8475 7960
8476 5978
8477 3921
8478 4427
8479 5460
8480 8108
8481 5244
8482 2118
8483 1918
8484 8123
8485 1981
8486 9087
8487 6498
8488 7550
8489 15
8490 1003
8491 3892
8492 7429
8493 51
8494 7719
8495 6008
8496 519
8497 7596
8498 8051
8499 2932
8500 1925
8501 4718
8502 7551
8503 4937
8504 1990
8505 2573
8506 204
8507 3748
8508 5450
8509 7163
8510 7333
8511 8145
8512 6957
8513 8774
8514 1400
8515 957
8516 4807
8517 4784
8518 3787
8519 5723
8520 5279
8521 3565
8522 6848
8523 3564
8524 4498
8525 772
8526 5464
8527 330
8528 8681
8529 3172
8530 2509
8531 1039
8532 2748
8533 4855
8534 6018
8535 433
8536 3628
8537 5594
8538 620
8539 7732
8540 2759
8541 6660
8542 3989
8543 5525
8544 9080
8545 3482
8546 5349
8547 8170
8548 5355
8549 2625
8550 2227
8551 39
8552 5341
8553 1911
8554 2284
8555 1806
8556 4503
8557 7812
8558 5462
8559 1710
8560 13
8561 5551
8562 146
8563 7732
8564 73
8565 2218
8566 4473
8567 2540
8568 4473
8569 9285
8570 1887
8571 20
8572 1058
8573 2360
8574 3484
8575 1025
8576 2956
8577 6505
8578 6249
8579 741
8580 260
8581 2933
8582 4700
8583 641
8584 2162
8585 2719
8586 5634
8587 85
8588 1276
8589 8692
8590 641
8591 1857
8592 6662
8593 2327
8594 2803
8595 2377
8596 3985
8597 5591
8598 8241
8599 6865
8600 6866
8601 5973
8602 5056
8603 2382
8604 5235
8605 800
8606 7046
8607 988
8608 3888
8609 9227
8610 8611
8611 8610
8612 7059
8613 8783
8614 5989
8615 9260
8616 8712
8617 5244
8618 6045
8619 201
8620 9260
8621 8589
8622 7712
8623 8716
8624 8223
8625 1092
8626 2759
8627 7670
8628 6097
8629 9188
8630 1289
8631 5759
8632 7908
8633 9005
8634 2
8635 212
8636 8242
8637 2988
8638 2878
8639 1397
8640 3407
8641 7176
8642 8767
8643 6555
8644 6640
8645 1855
8646 8003
8647 391
8648 646
8649 2008
8650 1419
8651 8294
8652 5187
8653 1377
8654 8279
8655 7357
8656 5063
8657 6869
8658 6147
8659 6065
8660 1993
8661 5063
8662 6838
8663 2080
8664 3925
8665 2713
8666 1467
8667 1156
8668 143
8669 6112
8670 4986
8671 4887
8672 559
8673 1844
8674 2896
8675 6845
8676 7057
8677 93
8678 9101
8679 2640
8680 1047
8681 8683
8682 9224
8683 8681
8684 5878
8685 3035
8686 2752
8687 6134
8688 288
8689 4162
8690 6676
8691 7872
8692 5490
8693 5638
8694 6659
8695 3087
8696 6311
8697 332
8698 7902
8699 2419
8700 5296
8701 6838
8702 3976
8703 1003
8704 6879
8705 6385
8706 5997
8707 8026
8708 5968
8709 2706
8710 2916
8711 369
8712 3388
8713 8254
8714 7749
8715 6129
8716 8623
8717 1721
8718 7567
8719 1657
8720 6817
8721 5992
8722 5975
8723 7071
8724 6279
8725 7693
8726 4730
8727 8725
8728 6084
8729 2712
8730 815
8731 5370
8732 2423
8733 7402
8734 8330
8735 2847
8736 9012
8737 2050
8738 5215
8739 1466
8740 1050
8741 1223
8742 5352
8743 4458
8744 4347
8745 8695
8746 7060
8747 8459
8748 8900
8749 3973
8750 6844
8751 8683
8752 8581
8753 7893
8754 3881
8755 4850
8756 4225
8757 7891
8758 7891
8759 3112
8760 8043
8761 2250
8762 1202
8763 7505
8764 3612
8765 8540
8766 7033
8767 6772
8768 6441
8769 8770
8770 8133
8771 1792
8772 4209
8773 6519
8774 8513
8775 3110
8776 4334
8777 5504
8778 6592
8779 5237
8780 6022
8781 7374
8782 6967
8783 5324
8784 8518
8785 89
8786 887
8787 4763
8788 3213
8789 1057
8790 3373
8791 6461
8792 5434
8793 1236
8794 4537
8795 5735
8796 8950
8797 2962
8798 1512
8799 5672
8800 5734
8801 50
8802 767
8803 6341
8804 1211
8805 1968
8806 6014
8807 7280
8808 1699
8809 7169
8810 1504
8811 4180
8812 6793
8813 7693
8814 237
8815 5487
8816 5388
8817 589
8818 8423
8819 8552
8820 6135
8821 7004
8822 6595
8823 5858
8824 5247
8825 2711
8826 1512
8827 7504
8828 3588
8829 37
8830 364
8831 8730
8832 1896
8833 9007
8834 3453
8835 7172
8836 7767
8837 2587
8838 3407
8839 270
8840 1297
8841 2506
8842 3111
8843 6076
8844 2129
8845 4618
8846 4826
8847 87
8848 4103
8849 1897
8850 2688
8851 3574
8852 5925
8853 4076
8854 7960
8855 1255
8856 6335
8857 6748
8858 4985
8859 7711
8860 6790
8861 2758
8862 1597
8863 4469
8864 4756
8865 6137
8866 5738
8867 7420
8868 1245
8869 8734
8870 625
8871 2236
8872 543
8873 6581
8874 4923
8875 1066
8876 5338
8877 414
8878 718
8879 6630
8880 1469
8881 7499
8882 1541
8883 90
8884 2873
8885 6680
8886 7830
8887 4363
8888 6967
8889 5046
8890 1115
8891 872
8892 8682
8893 1003
8894 627
8895 8247
8896 7390
8897 2380
8898 1740
8899 6913
8900 360
8901 9129
8902 5034
8903 3877
8904 539
8905 3487
8906 7872
8907 3977
8908 3698
8909 49
8910 998
8911 4576
8912 926
8913 430
8914 1525
8915 649
8916 3014
8917 1945
8918 5661
8919 2993
8920 5707
8921 9175
8922 7964
8923 2692
8924 6982
8925 2463
8926 7220
8927 825
8928 2703
8929 8059
8930 3534
8931 3011
8932 829
8933 4862
8934 2400
8935 4050
8936 8937
8937 8936
8938 5853
8939 882
8940 9244
8941 974
8942 1083
8943 8101
8944 2048
8945 2775
8946 5071
8947 3316
8948 8949
8949 5614
8950 8303
8951 1917
8952 5978
8953 7179
8954 3034
8955 8301
8956 3133
8957 5506
8958 1052
8959 3459
8960 7890
8961 2441
8962 280
8963 1136
8964 602
8965 191
8966 1982
8967 5148
8968 8167
8969 3604
8970 4254
8971 2472
8972 8356
8973 1417
8974 4193
8975 4512
8976 4628
8977 4939
8978 1756
8979 4471
8980 6811
8981 558
8982 2138
8983 4200
8984 2141
8985 3649
8986 1573
8987 6312
8988 8981
8989 6108
8990 2368
8991 6625
8992 5103
8993 8997
8994 2580
8995 2245
8996 1080
8997 8993
8998 2098
8999 7436
9000 4541
9001 3648
9002 3866
9003 4262
9004 329
9005 8633
9006 1109
9007 8131
9008 3191
9009 1386
9010 7515
9011 4466
9012 8736
9013 5733
9014 3920
9015 8623
9016 370
9017 8900
9018 8727
9019 5048
9020 1429
9021 7196
9022 4652
9023 6895
9024 123
9025 7284
9026 1579
9027 5320
9028 9032
9029 2011
9030 4494
9031 7253
9032 7794
9033 4642
9034 7044
9035 7634
9036 4010
9037 2115
9038 2265
9039 535
9040 5520
9041 326
9042 3447
9043 2315
9044 4201
9045 1484
9046 2127
9047 3548
9048 632
9049 6004
9050 6699
9051 2188
9052 1640
9053 1828
9054 2327
9055 2047
9056 4447
9057 1288
9058 664
9059 1644
9060 6594
9061 4233
9062 3560
9063 6731
9064 7466
9065 8175
9066 608
9067 4211
9068 7477
9069 9071
9070 7360
9071 9069
9072 5499
9073 6480
9074 9075
9075 5057
9076 7278
9077 2676
9078 9034
9079 573
9080 6762
9081 7175
9082 1122
9083 1000
9084 4934
9085 2368
9086 2011
9087 3198
9088 3514
9089 5706
9090 9089
9091 261
9092 5532
9093 7705
9094 1815
9095 7004
9096 4722
9097 5836
9098 1003
9099 7170
9100 5221
9101 6506
9102 873
9103 3072
9104 1237
9105 3037
9106 347
9107 6877
9108 8971
9109 2980
9110 8159
9111 4788
9112 993
9113 3083
9114 2573
9115 9229
9116 2651
9117 1795
9118 5714
9119 7156
9120 6618
9121 6034
9122 8272
9123 3045
9124 2573
9125 6239
9126 4077
9127 3226
9128 7259
9129 7653
9130 7336
9131 5881
9132 969
9133 5050
9134 8940
9135 6232
9136 217
9137 7076
9138 6949
9139 3795
9140 3261
9141 8563
9142 1867
9143 9144
9144 5360
9145 200
9146 2309
9147 4201
9148 9149
9149 9148
9150 2420
9151 1190
9152 5071
9153 2177
9154 6106
9155 6902
9156 2417
9157 1146
9158 1240
9159 293
9160 6007
9161 8933
9162 7169
9163 7899
9164 3684
9165 8901
9166 7152
9167 2966
9168 3983
9169 3398
9170 1083
9171 5203
9172 4229
9173 4888
9174 6842
9175 7714
9176 520
9177 1219
9178 6460
9179 8396
9180 3192
9181 2203
9182 1957
9183 248
9184 4657
9185 1566
9186 1927
9187 7516
9188 8456
9189 7044
9190 2793
9191 1649
9192 3456
9193 2366
9194 7939
9195 3476
9196 5759
9197 6046
9198 77
9199 6792
9200 4109
9201 3990
9202 3340
9203 7095
9204 9145
9205 328
9206 6182
9207 4920
9208 7510
9209 5158
9210 9211
9211 9210
9212 8798
9213 371
9214 6182
9215 9167
9216 5209
9217 6271
9218 5065
9219 9264
9220 2755
9221 884
9222 4464
9223 2889
9224 8682
9225 6764
9226 5119
9227 8489
9228 8997
9229 2101
9230 7170
9231 1657
9232 3441
9233 9234
9234 7530
9235 7447
9236 4572
9237 7875
9238 6293
9239 5527
9240 5471
9241 6
9242 3651
9243 1471
9244 4445
9245 3478
9246 2376
9247 7015
9248 7589
9249 4670
9250 1484
9251 1865
9252 5167
9253 744
9254 39
9255 1665
9256 9025
9257 561
9258 7164
9259 4439
9260 8692
9261 172
9262 6286
9263 2408
9264 9219
9265 6685
9266 3555
9267 2180
9268 4927
9269 6166
9270 5569
9271 1175
9272 8872
9273 8783
9274 4920
9275 1957
9276 958
9277 6718
9278 8736
9279 7752
9280 1585
9281 7274
9282 1359
9283 5978
9284 7216
9285 7217
9286 8030
9287 2745
9288 1525
9289 4087
9290 8254
9291 9181
9292 4831
9293 6086
9294 2657
9295 8498
9296 333
9297 7579
